23.8,0.0,16,513190
23.8,24.71,20,457307
23.8,24.95,31,438671
23.9,25.21,40,92008
24.0,25.53,50,237996
24.0,25.78,61,197944
24.1,26.06,71,335063
24.3,26.38,81,532295
24.4,26.7,91,12827
24.5,26.7,109,657642
24.6,26.95,110,447050
24.7,26.58,122,972337
24.8,26.4,131,541089
24.9,26.25,140,126348
25.0,26.12,150,274694
25.1,26.03,160,445829
25.1,25.96,170,619487
25.2,25.88,180,15590
25.2,25.87,200,92720
25.3,25.87,200,416439
25.3,25.71,210,545679
25.4,25.58,220,715762
25.4,25.5,230,91602
25.4,25.4,240,244536
25.4,25.33,250,410617
25.5,25.23,260,567410
25.5,25.14,271,524799
25.4,25.12,292,129393
25.4,25.12,292,916272
25.4,25.17,300,711709
25.4,25.34,310,899611
25.4,25.37,320,199559
25.4,25.33,330,373518
25.4,25.41,342,192020
25.4,25.35,350,5163
25.5,25.38,360,149858
25.4,25.43,382,177425
25.4,26.97,383,726642
25.5,25.27,390,733838
25.4,25.04,400,958045
25.4,24.96,410,328081
25.4,24.82,420,437112
25.4,24.76,430,545804
25.3,24.73,440,596062
25.3,24.64,452,270043
25.3,24.55,474,571247
25.3,24.67,476,902581
25.2,24.58,480,51663
25.2,23.72,490,253682
25.2,25.14,501,148757
25.2,24.44,510,532561
25.1,24.9,520,712672
25.1,24.89,530,17438
25.1,24.79,540,203691
25.1,25.01,562,774960
25.1,25.12,563,319919
25.1,24.92,570,635996
25.1,24.73,580,31910
25.1,24.62,590,192858
25.1,24.64,600,404114
25.1,24.6,611,343791
25.0,24.59,620,759952
25.0,24.6,630,186265
25.0,24.54,652,859500
25.0,24.72,653,649911
25.0,24.74,660,653177
25.0,24.9,671,528456
25.0,24.81,680,118020
25.0,25.02,690,148327
25.0,24.9,701,79761
25.0,25.0,710,455031
25.0,24.89,721,353051
25.0,24.92,743,667153
25.0,25.05,744,454276
25.0,24.95,750,683712
25.0,25.04,761,645560
25.0,24.95,771,45349
25.0,25.01,780,383178
25.0,24.93,790,531637
25.0,25.08,802,212507
25.0,25.0,810,5262
25.0,25.22,834,312684
25.0,25.15,835,98926
25.1,25.03,841,374478
25.1,25.12,850,729463
25.1,24.99,860,79214
25.1,25.04,871,35781
25.1,25.04,880,293425
25.1,24.96,890,516609
25.1,24.94,900,708607
25.1,25.26,926,598096
25.1,25.19,927,386481
25.1,25.12,930,500284
25.1,25.05,940,693510
25.1,24.99,950,58422
25.1,24.99,960,244225
25.1,24.99,970,386445
25.1,25.02,981,988346
25.1,24.97,990,610271
25.1,25.1,1016,102608
25.1,25.07,1016,888692
25.1,24.98,1021,535424
25.1,24.99,1030,138905
25.1,24.96,1041,96732
25.1,24.99,1051,225272
25.1,25.02,1060,342479
25.1,24.93,1072,260386
25.1,25.02,1080,50468
25.1,24.97,1105,159362
25.1,25.03,1105,946009
25.1,24.96,1110,648961
25.1,24.98,1120,14793
25.1,24.92,1130,845161
25.1,24.95,1140,965270
25.1,24.9,1151,156308
25.1,24.95,1161,317447
25.1,24.91,1170,699023
25.1,24.93,1195,987736
25.1,25.08,1196,773102
25.1,24.96,1201,398426
25.1,24.98,1210,40763
25.1,24.91,1220,165514
25.1,24.91,1231,881344
25.1,24.84,1241,235891
25.1,24.97,1251,396446
25.1,24.9,1260,26064
25.1,24.95,1286,248209
25.1,24.95,1286,444522
25.1,24.87,1291,882422
25.1,24.92,1300,509908
25.1,24.89,1310,623614
25.1,24.9,1320,35873
25.1,24.84,1331,745218
25.1,24.89,1340,397181
25.1,24.81,1350,582539
25.0,24.84,1376,331364
25.1,24.78,1377,875896
25.1,24.77,1380,233864
25.1,24.79,1391,35385
25.1,24.77,1400,465057
25.1,24.84,1410,680053
25.0,24.84,1420,55036
25.0,24.84,1430,135108
25.0,24.83,1440,302307
25.0,24.87,1468,656170
25.0,24.85,1470,207868
25.0,24.85,1470,993929
25.0,24.94,1480,378718
25.0,24.84,1490,555082
25.0,24.99,1500,681640
25.0,24.88,1510,62817
25.1,25.07,1520,230939
25.1,24.99,1530,379928
25.1,25.07,1558,764440
25.1,24.91,1559,550663
25.1,24.91,1560,336548
25.1,24.99,1571,232119
25.1,24.92,1581,390874
25.1,25.01,1590,748138
25.1,24.92,1600,774804
25.1,25.04,1610,72892
25.1,24.95,1620,160767
25.1,25.07,1631,43872
25.1,25.07,1649,589425
25.1,24.89,1651,158968
25.1,24.97,1660,537671
25.1,24.89,1670,657843
25.1,24.97,1680,46371
25.1,24.92,1690,187508
25.1,25.0,1700,382684
25.1,24.94,1710,584902
25.1,24.95,1720,758942
25.1,24.97,1740,677818
25.1,24.97,1741,169193
25.1,24.94,1750,524153
25.1,24.93,1760,674623
25.1,24.92,1770,76599
25.1,24.94,1780,267933
25.1,24.91,1790,437162
25.1,24.94,1800,602587
25.1,24.91,1810,650215
25.1,24.89,1832,79798
25.1,25.14,1832,866085
25.1,24.95,1840,725552
25.1,24.94,1850,32719
25.1,24.86,1860,234787
25.1,24.95,1871,195130
25.1,24.86,1880,611571
25.1,24.99,1890,765354
25.1,24.84,1900,136360
25.1,24.87,1922,762565
25.1,25.02,1923,552523
25.1,24.9,1930,580495
25.1,24.98,1940,738190
25.1,24.88,1950,921218
25.1,24.93,1960,268464
25.1,24.86,1970,433785
25.1,24.89,1980,595686
25.1,24.86,1990,692728
25.1,24.85,2014,648165
25.1,24.93,2016,217887
25.1,24.85,2020,147832
25.1,24.93,2030,797856
25.1,24.87,2041,311055
25.1,24.86,2050,651889
25.1,24.81,2060,39167
25.1,24.88,2070,236588
25.1,24.78,2080,969407
25.0,24.74,2103,621474
25.0,24.99,2104,407460
25.1,24.87,2111,425376
25.1,24.87,2121,561814
25.1,24.85,2130,191784
25.0,24.77,2140,407440
25.1,24.84,2151,276889
25.1,24.81,2162,966228
25.0,24.87,2170,757169
25.0,24.94,2195,171429
25.0,24.91,2195,958944
25.0,24.82,2200,643883
25.0,24.92,2210,776674
25.0,24.87,2220,163362
25.0,25.0,2230,321337
25.0,24.93,2240,385397
25.0,25.01,2250,616535
25.1,24.94,2260,666242
25.0,24.91,2286,172939
25.1,25.05,2288,487160
25.1,25.0,2290,54893
25.1,25.04,2300,267775
25.1,25.05,2310,457914
25.1,25.05,2320,631940
25.1,25.0,2330,663276
25.1,25.02,2340,747366
25.1,24.97,2350,110170
25.1,25.0,2361,33238
