89.9,42,0.0,0.0,5,19,977907
89.8,42,0.0,0.0,5,20,343712
89.1,42,89.51,42.0,5,30,173119
88.5,42,89.1,42.0,5,40,376400
88.3,42,88.95,42.0,5,50,733521
88.3,42,88.82,42.0,5,60,627138
88.2,42,88.73,42.0,5,70,493605
88.2,42,88.64,42.0,5,80,60693
88.1,42,88.58,42.0,5,90,145659
88.1,42,88.51,42.0,5,100,16295
88.1,42,88.42,42.0,5,110,603300
88.1,42,88.32,42.0,5,121,457553
88.1,42,88.29,42.0,5,130,689303
88.0,42,88.21,42.0,5,140,170686
88.0,42,88.13,42.0,5,150,703280
88.0,42,88.07,42.0,5,160,113813
87.9,42,87.99,42.0,5,170,115284
87.9,42,87.91,42.0,5,180,174996
87.8,42,87.88,42.0,5,190,145114
87.8,42,87.8,42.0,5,200,162796
87.7,42,87.72,42.0,5,210,518304
87.7,42,87.63,42.0,5,220,195827
87.6,42,87.58,42.0,5,230,209752
87.6,42,87.5,42.0,5,240,634289
87.5,42,87.4,42.0,5,250,238903
87.5,42,87.34,42.0,5,260,294814
87.4,42,87.28,42.0,5,271,65813
87.3,42,87.22,42.0,5,281,334765
87.3,42,87.14,42.0,5,290,246576
87.2,42,87.08,42.0,5,300,429526
87.1,42,87.03,42.0,5,310,226454
87.1,42,86.97,42.0,5,320,175127
87.0,42,86.9,42.0,5,330,251181
87.0,42,86.86,42.0,5,340,43262
86.9,42,86.79,42.0,5,350,197195
86.8,42,86.72,42.0,5,360,162411
86.8,42,86.67,42.0,5,371,234137
86.7,42,86.59,42.0,5,380,338382
86.6,42,86.56,42.0,5,390,209537
86.6,42,86.48,42.0,5,400,146485
86.5,42,86.43,42.0,5,410,25288
86.5,42,86.36,42.0,5,420,105574
86.4,42,86.31,42.0,5,431,197033
86.3,42,86.26,42.0,5,440,994279
86.3,42,86.18,42.0,5,450,283655
86.3,42,86.12,42.0,5,460,6415
86.1,42,86.07,42.0,5,470,70643
86.1,42,86.03,42.0,5,480,257665
86.1,42,85.95,42.0,5,490,266769
86.0,42,85.89,42.0,5,500,588400
86.0,42,85.82,42.0,5,510,74922
85.9,42,85.79,42.0,5,520,10888
85.8,42,85.74,42.0,5,530,107472
85.8,42,85.67,42.0,5,540,6605
85.7,42,85.62,42.0,5,550,254241
85.6,42,85.57,42.0,5,560,384285
85.6,42,85.5,42.0,5,570,12418
85.5,42,85.44,42.0,5,580,219828
85.5,42,85.38,42.0,5,590,164525
85.4,42,85.32,42.0,5,600,733306
85.3,42,85.25,42.0,5,610,168289
85.3,42,85.19,42.0,5,620,957320
85.2,42,85.15,42.0,5,630,50489
85.1,42,85.11,42.0,5,640,71809
85.1,42,85.04,42.0,5,650,501178
85.1,42,84.97,42.0,5,660,117954
85.0,42,84.9,42.0,5,670,24932
85.0,42,84.86,42.0,5,680,31015
84.9,42,84.8,42.0,5,690,589901
84.8,42,84.73,42.0,5,700,38931
84.8,42,84.69,42.0,5,710,192163
84.7,42,84.63,42.0,5,720,836089
84.6,42,84.57,42.0,5,731,253161
84.6,42,84.52,42.0,5,740,365408
84.6,42,84.44,42.0,5,750,87188
84.5,42,84.4,42.0,5,760,370809
84.5,42,84.34,42.0,5,770,491973
84.4,42,84.3,42.0,5,780,576016
84.3,42,84.23,42.0,5,790,88154
84.3,42,84.17,42.0,5,800,575802
84.2,42,84.14,42.0,5,810,101670
84.1,42,84.06,42.0,5,820,546493
84.1,42,84.03,42.0,5,830,130194
84.1,42,83.96,42.0,5,840,32129
84.0,42,83.88,42.0,5,850,283511
84.0,42,83.85,42.0,5,860,203661
83.9,42,83.77,42.0,5,870,202758
83.8,42,83.72,42.0,5,880,200042
83.8,42,83.66,42.0,5,890,643469
83.7,42,83.62,42.0,5,900,23597
83.6,42,83.56,42.0,5,910,365409
83.6,42,83.49,42.0,5,920,772865
83.6,42,83.45,42.0,5,931,712653
83.5,42,83.36,42.0,5,940,130010
83.5,42,83.34,42.0,5,950,647942
83.4,42,83.28,42.0,5,960,683540
83.3,42,83.24,42.0,5,970,177544
83.3,42,83.15,42.0,5,980,204129
83.2,42,83.1,42.0,5,990,352028
83.1,42,83.06,42.0,5,1000,481265
83.1,42,82.99,42.0,5,1010,537811
83.0,42,82.95,42.0,5,1020,76850
83.0,42,82.89,42.0,5,1030,512485
83.0,42,82.82,42.0,5,1040,56750
82.9,42,82.76,42.0,5,1050,115444
82.8,42,82.7,42.0,5,1060,379347
82.8,42,82.66,42.0,5,1070,252267
82.7,42,82.58,42.0,5,1080,51951
82.6,42,82.53,42.0,5,1090,868182
82.6,42,82.47,42.0,5,1100,39391
82.5,42,82.44,42.0,5,1110,2144
82.5,42,82.37,42.0,5,1120,232995
82.4,42,82.33,42.0,5,1130,67032
82.3,42,82.24,42.0,5,1141,330565
82.3,42,82.2,42.0,5,1150,586560
82.3,42,82.15,42.0,5,1160,126440
82.2,42,82.1,42.0,5,1170,186049
82.1,42,82.04,42.0,5,1180,825750
82.1,42,81.98,42.0,5,1191,24482
82.0,42,81.93,42.0,5,1200,268974
82.0,42,81.86,42.0,5,1211,401586
81.9,42,81.82,42.0,5,1220,808656
81.8,42,81.76,42.0,5,1230,353311
81.8,42,81.72,42.0,5,1240,396999
81.7,42,81.63,42.0,5,1251,204454
81.7,42,81.59,42.0,5,1260,129354
81.6,42,81.54,42.0,5,1270,234406
81.6,42,81.49,42.0,5,1280,224693
81.5,42,81.42,42.0,5,1291,168364
81.5,42,81.39,42.0,5,1300,289424
81.4,42,81.32,42.0,5,1310,161953
81.3,42,81.28,42.0,5,1320,355473
81.3,42,81.23,42.0,5,1330,364942
81.3,42,81.16,42.0,5,1340,743005
81.2,42,81.1,42.0,5,1350,522873
81.1,42,81.04,42.0,5,1360,62138
81.1,42,81.01,42.0,5,1372,466662
81.0,42,80.96,42.0,5,1380,565021
81.0,42,80.91,42.0,5,1390,13216
81.0,42,80.87,42.0,5,1400,166878
80.9,42,80.81,42.0,5,1410,402741
80.8,42,80.74,42.0,5,1420,84537
80.8,42,80.69,42.0,5,1430,330135
80.7,42,80.66,42.0,5,1441,100931
80.7,42,80.61,42.0,5,1450,45395
80.6,42,80.57,42.0,5,1460,604607
80.6,42,80.52,42.0,5,1471,142322
80.5,42,80.44,42.0,5,1480,250735
80.5,42,80.41,42.0,5,1490,222164
80.5,42,80.34,42.0,5,1501,214569
80.4,42,80.29,42.0,5,1510,229940
80.3,42,80.24,42.0,5,1520,224782
80.3,42,80.21,42.0,5,1530,20476
80.2,42,80.15,42.0,5,1540,596508
80.1,42,80.11,42.0,5,1550,69934
80.1,42,80.06,42.0,5,1560,170378
80.1,42,79.99,42.0,5,1570,574012
80.0,42,79.94,42.0,5,1580,54490
80.0,42,79.91,42.0,5,1590,384719
79.9,42,79.87,42.0,5,1600,138703
79.9,42,79.8,42.0,5,1610,22052
79.8,42,79.74,42.0,5,1620,121610
79.8,42,79.67,42.0,5,1631,564524
79.7,42,79.66,42.0,5,1640,81076
79.6,42,79.57,42.0,5,1651,683783
79.6,42,79.54,42.0,5,1660,894374
79.6,42,79.49,42.0,5,1670,493040
79.5,42,79.43,42.0,5,1680,125593
79.5,42,79.39,42.0,5,1690,619237
79.4,42,79.35,42.0,5,1700,294108
79.4,42,79.29,42.0,5,1710,358808
79.3,42,79.25,42.0,5,1720,9832
79.3,42,79.2,42.0,5,1744,27801
79.3,42,79.2,42.0,5,1744,236552
79.1,42,79.34,76.08,5,1750,209000
79.1,42,79.29,76.08,5,1760,345334
79.1,42,79.16,76.08,5,1770,155544
79.1,42,79.08,76.08,5,1780,542998
79.0,42,79.0,76.08,5,1790,425756
79.0,42,78.95,76.08,5,1800,718933
78.9,42,78.92,76.08,5,1810,200395
78.8,42,78.9,76.08,5,1834,620931
78.8,42,78.9,76.08,5,1834,832426
78.8,42,78.9,42.0,5,1840,386622
78.8,42,78.83,42.0,5,1850,57395
78.7,42,78.75,42.0,5,1860,108200
78.6,42,78.68,42.0,5,1871,462763
78.6,42,78.63,42.0,5,1880,140520
78.6,42,78.56,42.0,5,1890,651060
78.5,42,78.49,42.0,5,1900,858848
78.5,42,78.45,42.0,5,1910,114387
78.5,42,78.42,42.0,5,1920,313808
78.4,42,78.36,42.0,5,1930,179699
78.4,42,78.31,42.0,5,1940,641323
78.3,42,78.25,42.0,5,1950,28069
78.3,42,78.22,42.0,5,1960,104493
78.2,42,78.18,42.0,5,1970,512156
78.2,42,78.12,42.0,5,1980,398498
78.1,42,78.09,42.0,5,1991,599269
78.1,42,78.0,42.0,5,2000,403293
78.0,42,77.98,42.0,5,2010,475262
78.0,42,77.94,42.0,5,2020,448120
78.0,42,77.87,42.0,5,2030,671321
77.9,42,77.86,42.0,5,2040,153352
77.8,42,77.79,42.0,5,2050,343556
77.8,42,77.74,42.0,5,2060,120137
77.8,42,77.7,42.0,5,2070,347682
77.7,42,77.65,42.0,5,2080,35974
77.6,42,77.58,42.0,5,2090,783358
77.6,42,77.55,42.0,5,2100,933913
77.6,42,77.49,42.0,5,2110,61038
77.5,42,77.46,42.0,5,2120,193488
77.5,42,77.4,42.0,5,2130,24623
77.5,42,77.36,42.0,5,2140,210998
77.4,42,77.31,42.0,5,2150,207861
77.3,42,77.26,42.0,5,2160,202532
77.3,42,77.22,42.0,5,2170,64474
77.2,42,77.16,42.0,5,2180,633929
77.2,42,77.14,42.0,5,2190,97517
77.1,42,77.08,42.0,5,2200,456772
77.1,42,77.02,42.0,5,2210,274227
77.1,42,76.97,42.0,5,2220,70751
77.0,42,76.94,42.0,5,2230,228651
77.0,42,76.89,42.0,5,2240,246845
76.9,42,76.84,42.0,5,2250,106118
76.9,42,76.77,42.0,5,2260,17612
76.8,42,76.74,42.0,5,2270,114842
76.8,42,76.69,42.0,5,2280,553861
76.7,42,76.64,42.0,5,2291,330978
76.7,42,76.6,42.0,5,2300,75189
76.6,42,76.55,42.0,5,2310,639204
76.6,42,76.5,42.0,5,2320,780454
76.6,42,76.47,42.0,5,2330,187550
76.5,42,76.41,42.0,5,2340,869801
76.5,42,76.36,42.0,5,2350,237389
76.4,42,76.32,42.0,5,2360,153879
76.3,42,76.3,42.0,5,2370,196275
76.3,42,76.25,42.0,5,2380,157414
76.3,42,76.19,42.0,5,2390,359686
76.2,42,76.15,42.0,5,2400,231143
76.2,42,76.11,42.0,5,2410,110444
76.1,42,76.04,42.0,5,2420,120394
76.1,42,76.0,42.0,5,2430,650438
76.1,42,75.98,42.0,5,2440,161071
76.0,42,75.92,42.0,5,2450,523244
76.0,42,75.88,42.0,5,2460,83510
75.9,42,75.81,42.0,5,2470,563899
75.8,42,75.77,42.0,5,2480,91189
75.8,42,75.74,42.0,5,2490,150970
75.8,42,75.69,42.0,5,2500,493190
75.7,42,75.63,42.0,5,2510,704085
75.6,42,75.59,42.0,5,2521,873465
75.6,42,75.54,42.0,5,2530,704311
75.6,42,75.51,42.0,5,2540,29611
75.5,42,75.46,42.0,5,2551,2030
75.5,42,75.41,42.0,5,2561,389775
75.5,42,75.36,42.0,5,2570,151133
75.4,42,75.33,42.0,5,2580,181044
75.3,42,75.27,42.0,5,2590,351760
75.3,42,75.22,42.0,5,2600,221988
75.3,42,75.17,42.0,5,2611,384928
75.2,42,75.15,42.0,5,2620,463875
75.1,42,75.11,42.0,5,2630,720541
75.1,42,75.06,42.0,5,2640,172935
75.1,42,74.99,42.0,5,2650,40992
75.0,42,74.95,42.0,5,2660,88951
75.0,42,74.9,42.0,5,2670,917501
75.0,42,74.87,42.0,5,2680,47315
74.9,42,74.82,42.0,5,2690,289811
74.8,42,74.78,42.0,5,2700,97004
74.8,42,74.72,42.0,5,2710,273472
74.8,42,74.69,42.0,5,2720,134158
74.7,42,74.66,42.0,5,2730,60196
74.6,42,74.6,42.0,5,2740,135075
74.6,42,74.56,42.0,5,2750,203530
74.6,42,74.53,42.0,5,2760,10698
74.5,42,74.47,42.0,5,2772,100255
74.5,42,74.44,42.0,5,2780,83540
74.5,42,74.37,42.0,5,2790,416648
74.4,42,74.32,42.0,5,2800,83337
74.3,42,74.27,42.0,5,2810,45169
74.3,42,74.24,42.0,5,2820,566189
74.3,42,74.17,42.0,5,2830,53302
74.2,42,74.14,42.0,5,2840,336805
74.2,42,74.1,42.0,5,2850,106081
74.1,42,74.07,42.0,5,2860,211851
74.1,42,74.01,42.0,5,2870,478443
74.0,42,73.98,42.0,5,2880,70723
74.0,42,73.91,42.0,5,2890,478727
74.0,42,73.87,42.0,5,2900,386257
73.9,42,73.83,42.0,5,2910,65266
73.8,42,73.79,42.0,5,2920,189404
73.8,42,73.74,42.0,5,2930,293970
73.8,42,73.7,42.0,5,2940,385610
73.7,42,73.66,42.0,5,2950,761253
73.7,42,73.62,42.0,5,2960,293534
73.6,42,73.56,42.0,5,2970,23598
73.6,42,73.53,42.0,5,2980,83609
73.5,42,73.47,42.0,5,2990,81406
73.5,42,73.44,42.0,5,3000,319180
73.5,42,73.39,42.0,5,3011,199431
73.4,42,73.35,42.0,5,3020,508565
73.4,42,73.3,42.0,5,3030,465487
73.3,42,73.26,42.0,5,3040,179786
73.3,42,73.21,42.0,5,3051,639544
73.3,42,73.17,42.0,5,3060,22108
73.2,42,73.15,42.0,5,3070,114185
73.1,42,73.1,42.0,5,3080,812519
73.1,42,73.06,42.0,5,3090,200282
73.1,42,73.0,42.0,5,3100,385976
73.0,42,72.96,42.0,5,3110,339067
73.0,42,72.92,42.0,5,3120,652700
73.0,42,72.89,42.0,5,3130,490732
72.9,42,72.84,42.0,5,3140,951786
72.9,42,72.81,42.0,5,3150,348765
72.8,42,72.75,42.0,5,3160,701558
72.8,42,72.7,42.0,5,3171,515012
72.8,42,72.7,42.0,5,3180,145126
72.7,42,72.64,42.0,5,3190,143079
72.6,42,72.59,42.0,5,3200,14108
72.6,42,72.55,42.0,5,3210,408512
72.6,42,72.51,42.0,5,3220,447621
72.5,42,72.48,42.0,5,3230,494385
72.5,42,72.43,42.0,5,3240,385491
72.5,42,72.39,42.0,5,3251,252949
72.4,42,72.35,42.0,5,3260,214231
72.4,42,72.3,42.0,5,3271,797218
72.3,42,72.28,42.0,5,3280,27640
72.3,42,72.24,42.0,5,3290,440027
72.3,42,72.19,42.0,5,3301,729667
72.2,42,72.16,42.0,5,3310,166475
72.1,42,72.12,42.0,5,3320,41614
72.1,42,72.07,42.0,5,3330,281577
72.1,42,72.03,42.0,5,3341,532918
72.0,42,71.96,42.0,5,3350,633664
72.0,42,71.96,42.0,5,3360,30878
72.0,42,71.94,42.0,5,3370,420980
71.9,42,71.86,42.0,5,3380,811673
71.9,42,71.82,42.0,5,3390,235776
71.8,42,71.8,42.0,5,3400,42186
71.8,42,71.74,42.0,5,3410,805405
71.8,42,71.71,42.0,5,3420,301304
71.7,42,71.68,42.0,5,3430,307505
71.7,42,71.63,42.0,5,3440,10944
71.6,42,71.59,42.0,5,3450,310436
71.6,42,71.56,42.0,5,3460,397077
71.6,42,71.51,42.0,5,3470,776036
71.5,42,71.46,42.0,5,3480,12648
71.5,42,71.42,42.0,5,3490,118374
71.5,42,71.38,42.0,5,3500,160622
71.4,42,71.33,42.0,5,3510,592895
71.3,42,71.31,42.0,5,3520,378026
71.3,42,71.25,42.0,5,3530,592613
71.3,42,71.21,42.0,5,3540,128285
71.3,42,71.17,42.0,5,3550,102490
71.2,42,71.14,42.0,5,3560,563625
71.1,42,71.06,42.0,5,3570,392366
71.1,42,71.04,42.0,5,3580,80127
71.1,42,70.87,42.0,5,3590,286899
71.0,42,70.71,42.0,5,3600,301463
71.0,42,70.61,42.0,5,3610,784914
70.9,42,70.56,42.0,5,3620,252377
70.8,42,70.48,42.0,5,3630,752382
70.8,42,70.45,42.0,5,3640,21732
70.7,42,70.39,42.0,5,3650,53498
70.6,42,70.37,42.0,5,3660,844094
70.6,42,70.33,42.0,5,3670,482281
70.6,42,70.28,42.0,5,3680,13022
70.5,42,70.24,42.0,5,3690,306083
70.5,42,70.2,42.0,5,3700,991859
70.4,42,70.17,42.0,5,3710,194807
70.4,42,70.12,42.0,5,3720,83700
70.3,42,70.07,42.0,5,3730,28606
70.3,42,70.05,42.0,5,3740,542018
70.2,42,70.0,42.0,5,3750,306415
70.1,42,69.95,42.0,5,3760,974647
70.1,42,69.94,42.0,5,3770,200132
70.1,42,69.9,42.0,5,3780,136834
70.0,42,69.87,42.0,5,3790,347627
70.0,42,69.8,42.0,5,3800,372744
70.0,42,69.78,42.0,5,3811,633260
69.9,42,69.74,42.0,5,3820,243236
69.9,42,69.68,42.0,5,3830,40070
69.8,42,69.66,42.0,5,3840,795175
69.8,42,69.61,42.0,5,3850,439201
69.7,42,69.57,42.0,5,3860,649264
69.7,42,69.51,42.0,5,3870,667513
69.6,42,69.49,42.0,5,3880,70099
69.6,42,69.45,42.0,5,3890,314111
69.6,42,69.41,42.0,5,3900,524504
69.5,42,69.35,42.0,5,3910,522802
69.5,42,69.32,42.0,5,3920,959193
69.5,42,69.28,42.0,5,3930,740400
69.4,42,69.25,42.0,5,3940,153074
69.3,42,69.2,42.0,5,3950,85594
69.3,42,69.15,42.0,5,3960,254913
69.3,42,69.14,42.0,5,3970,790653
69.3,42,69.11,42.0,5,3980,385895
69.2,42,69.06,42.0,5,3990,644919
69.1,42,69.02,42.0,5,4000,38564
69.1,42,68.99,42.0,5,4010,229067
69.1,42,68.93,42.0,5,4020,423664
69.0,42,68.91,42.0,5,4030,77530
69.0,42,68.87,42.0,5,4040,42181
69.0,42,68.82,42.0,5,4050,195925
69.0,42,68.79,42.0,5,4060,925353
68.9,42,68.77,42.0,5,4070,584245
68.8,42,68.72,42.0,5,4080,434787
68.8,42,68.69,42.0,5,4090,51800
68.8,42,68.67,42.0,5,4100,214987
68.8,42,68.61,42.0,5,4111,31110
68.7,42,68.58,42.0,5,4120,90870
68.6,42,68.54,42.0,5,4130,520002
68.6,42,68.49,42.0,5,4140,152612
68.6,42,68.44,42.0,5,4150,847313
68.6,42,68.42,42.0,5,4161,216150
68.5,42,68.39,42.0,5,4170,34315
68.5,42,68.34,42.0,5,4181,413064
68.5,42,68.31,42.0,5,4190,482007
68.4,42,68.27,42.0,5,4200,181899
68.4,42,68.24,42.0,5,4211,29748
68.3,42,68.22,42.0,5,4220,528909
68.3,42,68.18,42.0,5,4230,55073
68.3,42,68.15,42.0,5,4240,24638
68.3,42,68.07,42.0,5,4250,319511
68.2,42,68.06,42.0,5,4260,615011
68.1,42,68.03,42.0,5,4270,880675
68.1,42,67.99,42.0,5,4280,74019
68.1,42,67.95,42.0,5,4291,222357
68.1,42,67.96,42.0,5,4300,173219
68.0,42,67.9,42.0,5,4310,306343
68.0,42,67.88,42.0,5,4320,122871
68.0,42,67.82,42.0,5,4330,695110
68.0,42,67.81,42.0,5,4340,127464
67.9,42,67.76,42.0,5,4350,715039
67.9,42,67.72,42.0,5,4360,643615
67.8,42,67.69,42.0,5,4370,404053
67.8,42,67.65,42.0,5,4380,577322
67.8,42,67.6,42.0,5,4390,14203
67.7,42,67.56,42.0,5,4400,914694
67.7,42,67.54,42.0,5,4410,395795
67.6,42,67.52,42.0,5,4420,860303
67.6,42,67.49,42.0,5,4430,264996
67.6,42,67.47,42.0,5,4440,349611
67.6,42,67.43,42.0,5,4450,272393
67.5,42,67.38,42.0,5,4460,498186
67.5,42,67.35,42.0,5,4470,100630
67.5,42,67.33,42.0,5,4480,520232
67.5,42,67.27,42.0,5,4490,59235
67.4,42,67.24,42.0,5,4500,11543
67.3,42,67.23,42.0,5,4510,132599
67.3,42,67.18,42.0,5,4520,352406
67.3,42,67.16,42.0,5,4530,900824
67.3,42,67.12,42.0,5,4540,7946
67.2,42,67.07,42.0,5,4550,26720
67.2,42,67.05,42.0,5,4560,123176
67.1,42,67.01,42.0,5,4570,202963
67.1,42,66.97,42.0,5,4580,295324
67.1,42,66.94,42.0,5,4590,436987
67.1,42,66.93,42.0,5,4600,603515
67.0,42,66.87,42.0,5,4611,423135
67.0,42,66.83,42.0,5,4620,86413
67.0,42,66.8,42.0,5,4630,165468
66.9,42,66.75,42.0,5,4640,371906
66.9,42,66.74,42.0,5,4650,10379
66.9,42,66.68,42.0,5,4660,144487
66.8,42,66.67,42.0,5,4670,908573
66.8,42,66.63,42.0,5,4680,418378
66.8,42,66.6,42.0,5,4690,134865
66.7,42,66.57,42.0,5,4700,53480
66.7,42,66.55,42.0,5,4710,663012
66.6,42,66.52,42.0,5,4720,201042
66.6,42,66.45,42.0,5,4730,95467
66.6,42,66.43,42.0,5,4740,586915
66.6,42,66.4,42.0,5,4750,75912
66.5,42,66.37,42.0,5,4760,286829
66.5,42,66.36,42.0,5,4770,128508
66.5,42,66.3,42.0,5,4780,692690
66.5,42,66.27,42.0,5,4790,74778
66.4,42,66.25,42.0,5,4800,573667
66.4,42,66.22,42.0,5,4810,522308
66.3,42,66.17,42.0,5,4820,126583
66.3,42,66.15,42.0,5,4830,63384
66.3,42,66.1,42.0,5,4840,40407
66.3,42,66.06,42.0,5,4850,132773
66.2,42,66.04,42.0,5,4860,905286
66.2,42,66.01,42.0,5,4870,624778
66.1,42,65.98,42.0,5,4880,303314
66.1,42,65.93,42.0,5,4890,206521
66.1,42,65.93,42.0,5,4900,233308
66.0,42,65.88,42.0,5,4912,156895
66.0,42,65.87,42.0,5,4920,94339
66.0,42,65.83,42.0,5,4930,38858
66.0,42,65.78,42.0,5,4940,529543
66.0,42,65.75,42.0,5,4951,313043
65.9,42,65.71,42.0,5,4960,595303
65.9,42,65.68,42.0,5,4970,140509
65.8,42,65.63,42.0,5,4980,323542
65.8,42,65.61,42.0,5,4990,112482
65.8,42,65.58,42.0,5,5001,254782
65.7,42,65.52,42.0,5,5010,562997
65.7,42,65.53,42.0,5,5020,192320
65.6,42,65.51,42.0,5,5030,687632
65.6,42,65.48,42.0,5,5040,384278
65.6,42,65.44,42.0,5,5050,603801
65.6,42,65.4,42.0,5,5060,118228
65.5,42,65.36,42.0,5,5070,96074
65.5,42,65.35,42.0,5,5080,487231
65.5,42,65.32,42.0,5,5090,782571
65.5,42,65.28,42.0,5,5100,265653
65.4,42,65.25,42.0,5,5110,509345
65.4,42,65.22,42.0,5,5120,155385
65.3,42,65.19,42.0,5,5130,370474
65.3,42,65.14,42.0,5,5140,240922
65.3,42,65.12,42.0,5,5150,39510
65.3,42,65.09,42.0,5,5160,387742
65.2,42,65.06,42.0,5,5170,333300
65.2,42,65.03,42.0,5,5180,486299
65.1,42,64.98,42.0,5,5190,125320
65.1,42,64.97,42.0,5,5200,101188
65.1,42,64.95,42.0,5,5211,21859
65.1,42,64.89,42.0,5,5220,121631
65.1,42,64.89,42.0,5,5230,92295
65.0,42,64.84,42.0,5,5240,507487
65.0,42,64.82,42.0,5,5250,816945
65.0,42,64.78,42.0,5,5260,568541
64.9,42,64.75,42.0,5,5270,395033
64.9,42,64.73,42.0,5,5280,150674
64.9,42,64.68,42.0,5,5290,181662
64.8,42,64.66,42.0,5,5300,6372
64.8,42,64.64,42.0,5,5310,42296
64.8,42,64.58,42.0,5,5320,301454
64.8,42,64.56,42.0,5,5330,129044
64.7,42,64.52,42.0,5,5340,166770
64.6,42,64.49,42.0,5,5350,579077
64.6,42,64.48,42.0,5,5360,326992
64.6,42,64.45,42.0,5,5371,303964
64.6,42,64.4,42.0,5,5380,334686
64.5,42,64.37,42.0,5,5390,533603
64.5,42,64.35,42.0,5,5400,150429
64.5,42,64.31,42.0,5,5410,51394
64.5,42,64.32,42.0,5,5420,257373
64.5,42,64.28,42.0,5,5430,467914
64.4,42,64.23,42.0,5,5440,925466
64.4,42,64.19,42.0,5,5450,233842
64.3,42,64.19,42.0,5,5460,310719
64.3,42,64.14,42.0,5,5470,268088
64.3,42,64.12,42.0,5,5480,192570
64.3,42,64.09,42.0,5,5490,98689
64.2,42,64.05,42.0,5,5500,297485
64.2,42,64.0,42.0,5,5510,611260
64.1,42,63.99,42.0,5,5520,20391
64.1,42,63.95,42.0,5,5530,205506
64.1,42,63.92,42.0,5,5541,118418
64.1,42,63.91,42.0,5,5550,22627
64.1,42,63.87,42.0,5,5560,635741
64.0,42,63.86,42.0,5,5570,557963
64.0,42,63.82,42.0,5,5580,391619
64.0,42,63.79,42.0,5,5590,344594
64.0,42,63.76,42.0,5,5600,711320
63.9,42,63.71,42.0,5,5610,83192
63.9,42,63.69,42.0,5,5621,208470
63.8,42,63.68,42.0,5,5630,721466
63.8,42,63.63,42.0,5,5640,176718
63.8,42,63.58,42.0,5,5650,82871
63.8,42,63.56,42.0,5,5660,175775
63.7,42,63.53,42.0,5,5670,255620
63.7,42,63.51,42.0,5,5680,407950
63.6,42,63.48,42.0,5,5690,9673
63.6,42,63.46,42.0,5,5700,89945
63.6,42,63.41,42.0,5,5710,194543
63.6,42,63.39,42.0,5,5720,616647
63.5,42,63.34,42.0,5,5730,67531
63.5,42,63.32,42.0,5,5740,74155
63.5,42,63.29,42.0,5,5750,377620
63.5,42,63.25,42.0,5,5760,633591
63.4,42,63.25,42.0,5,5770,87925
63.4,42,63.2,42.0,5,5780,494868
63.3,42,63.18,42.0,5,5790,157613
63.3,42,63.15,42.0,5,5800,374385
63.3,42,63.11,42.0,5,5810,248059
63.3,42,63.08,42.0,5,5820,151852
63.2,42,63.05,42.0,5,5830,27546
63.2,42,63.04,42.0,5,5840,175051
63.1,42,63.0,42.0,5,5850,70789
63.1,42,62.99,42.0,5,5860,270414
63.1,42,62.96,42.0,5,5870,79690
63.1,42,62.9,42.0,5,5880,662512
63.0,42,62.89,42.0,5,5890,62928
63.0,42,62.85,42.0,5,5900,751850
63.0,42,62.81,42.0,5,5910,692246
63.0,42,62.79,42.0,5,5920,969246
63.0,42,62.78,42.0,5,5931,231868
62.9,42,62.72,42.0,5,5940,106365
62.9,42,62.68,42.0,5,5950,313561
62.8,42,62.67,42.0,5,5961,180933
62.8,42,62.64,42.0,5,5970,17927
62.8,42,62.6,42.0,5,5980,331921
62.7,42,62.57,42.0,5,5990,352055
62.7,42,62.55,42.0,5,6000,216051
62.7,42,62.53,42.0,5,6010,120288
62.6,42,62.5,42.0,5,6020,496032
62.6,42,62.46,42.0,5,6031,401824
62.6,42,62.43,42.0,5,6040,137480
62.6,42,62.39,42.0,5,6050,271457
62.5,42,62.39,42.0,5,6060,278250
62.5,42,62.34,42.0,5,6070,226536
62.5,42,62.32,42.0,5,6080,437111
62.5,42,62.29,42.0,5,6090,561560
62.4,42,62.27,42.0,5,6100,118613
62.4,42,62.22,42.0,5,6110,423526
62.3,42,62.2,42.0,5,6120,558501
62.3,42,62.17,42.0,5,6130,26158
62.3,42,62.13,42.0,5,6140,245386
62.3,42,62.1,42.0,5,6150,137264
62.2,42,62.09,42.0,5,6160,383575
62.2,42,62.04,42.0,5,6170,218633
62.1,42,62.03,42.0,5,6180,392966
62.1,42,61.99,42.0,5,6190,50652
62.1,42,61.96,42.0,5,6200,425733
62.1,42,61.92,42.0,5,6210,86201
62.0,42,61.88,42.0,5,6220,174889
62.0,42,61.86,42.0,5,6230,66866
62.0,42,61.81,42.0,5,6241,30530
62.0,42,61.79,42.0,5,6250,128390
61.9,42,61.77,42.0,5,6260,585085
61.9,42,61.73,42.0,5,6270,680256
61.8,42,61.69,42.0,5,6280,125812
61.8,42,61.68,42.0,5,6290,181817
61.8,42,61.63,42.0,5,6300,114698
61.8,42,61.61,42.0,5,6310,513147
61.8,42,61.58,42.0,5,6320,15489
61.7,42,61.54,42.0,5,6330,170423
61.6,42,61.53,42.0,5,6340,144023
61.6,42,61.48,42.0,5,6350,59649
61.6,42,61.47,42.0,5,6360,331290
61.6,42,61.45,42.0,5,6370,134002
61.5,42,61.41,42.0,5,6380,445750
61.5,42,61.38,42.0,5,6390,357436
61.5,42,61.34,42.0,5,6401,87908
61.5,42,61.32,42.0,5,6410,155723
61.5,42,61.27,42.0,5,6420,159781
61.4,42,61.25,42.0,5,6430,554755
61.4,42,61.22,42.0,5,6440,207822
61.3,42,61.21,42.0,5,6450,163378
61.3,42,61.16,42.0,5,6460,572251
61.3,42,61.15,42.0,5,6470,66325
61.3,42,61.09,42.0,5,6480,167417
61.2,42,61.07,42.0,5,6490,90050
61.1,42,61.04,42.0,5,6500,258389
61.1,42,61.02,42.0,5,6510,812501
61.1,42,60.99,42.0,5,6520,27177
61.1,42,60.94,42.0,5,6530,116940
61.0,42,60.92,42.0,5,6540,486004
61.0,42,60.89,42.0,5,6550,161554
61.0,42,60.85,42.0,5,6560,122104
61.0,42,60.83,42.0,5,6570,9583
61.0,42,60.81,42.0,5,6580,195529
60.9,42,60.77,42.0,5,6590,431616
60.9,42,60.73,42.0,5,6600,842512
60.8,42,60.71,42.0,5,6610,153981
60.8,42,60.69,42.0,5,6620,439359
60.8,42,60.64,42.0,5,6630,83333
60.8,42,60.6,42.0,5,6640,482756
60.7,42,60.57,42.0,5,6650,301007
60.7,42,60.56,42.0,5,6661,91311
60.6,42,60.52,42.0,5,6670,557331
60.6,42,60.49,42.0,5,6680,339124
60.6,42,60.48,42.0,5,6690,169251
60.6,42,60.42,42.0,5,6701,157054
60.5,42,60.42,42.0,5,6710,832314
60.5,42,60.38,42.0,5,6720,428615
60.5,42,60.35,42.0,5,6730,649054
60.5,42,60.32,42.0,5,6740,105199
60.5,42,60.29,42.0,5,6750,122737
60.4,42,60.26,42.0,5,6760,299162
60.4,42,60.23,42.0,5,6770,132095
60.3,42,60.21,42.0,5,6780,841345
60.3,42,60.16,42.0,5,6790,320929
60.3,42,60.15,42.0,5,6800,101566
60.3,42,60.11,42.0,5,6810,439591
60.2,42,60.08,42.0,5,6820,663011
60.2,42,60.06,42.0,5,6831,216815
60.2,42,60.04,42.0,5,6840,303043
60.1,42,60.01,42.0,5,6850,1495
60.1,42,60.0,42.0,5,6860,480766
60.1,42,59.96,42.0,5,6870,332359
60.1,42,59.91,42.0,5,6881,346166
60.0,42,59.89,42.0,5,6890,242116
60.0,42,59.87,42.0,5,6900,879189
60.0,42,59.84,42.0,5,6910,103542
60.0,42,59.81,42.0,5,6920,282151
60.0,42,59.78,42.0,5,6930,42002
59.9,42,59.75,42.0,5,6940,233197
59.9,42,59.72,42.0,5,6950,193951
59.8,42,59.7,42.0,5,6960,909299
59.8,42,59.65,42.0,5,6970,287891
59.8,42,59.63,42.0,5,6980,511238
59.8,42,59.6,42.0,5,6990,249919
59.7,42,59.59,42.0,5,7000,72613
59.7,42,59.57,42.0,5,7010,128298
59.7,42,59.55,42.0,5,7020,109368
59.6,42,59.52,42.0,5,7030,111398
59.6,42,59.49,42.0,5,7040,166268
59.6,42,59.46,42.0,5,7050,840752
59.6,42,59.47,42.0,5,7060,19767
59.6,42,59.41,42.0,5,7070,394775
59.5,42,59.39,42.0,5,7080,268400
59.5,42,59.37,42.0,5,7090,386244
59.5,42,59.35,42.0,5,7100,112886
59.5,42,59.3,42.0,5,7111,770520
59.4,42,59.27,42.0,5,7120,43968
59.4,42,59.24,42.0,5,7130,283635
59.4,42,59.2,42.0,5,7140,433965
59.3,42,59.18,42.0,5,7150,24476
59.3,42,59.16,42.0,5,7160,273472
59.3,42,59.11,42.0,5,7170,292439
59.3,42,59.09,42.0,5,7180,272835
59.3,42,59.07,42.0,5,7190,17014
59.2,42,59.03,42.0,5,7200,84864
59.2,42,59.03,42.0,5,7210,53805
59.1,42,58.98,42.0,5,7221,125150
59.1,42,58.97,42.0,5,7230,263103
59.1,42,58.96,42.0,5,7240,322172
59.1,42,58.94,42.0,5,7250,193003
59.1,42,58.9,42.0,5,7260,524066
59.0,42,58.84,42.0,5,7270,46109
59.0,42,58.81,42.0,5,7280,223315
59.0,42,58.78,42.0,5,7290,209387
59.0,42,58.78,42.0,5,7300,675080
58.9,42,58.73,42.0,5,7310,545446
58.9,42,58.72,42.0,5,7320,93263
58.8,42,58.69,42.0,5,7330,53562
58.8,42,58.67,42.0,5,7340,186917
58.8,42,58.65,42.0,5,7350,610497
58.8,42,58.6,42.0,5,7361,190119
58.8,42,58.58,42.0,5,7370,656318
58.7,42,58.53,42.0,5,7380,370862
58.7,42,58.54,42.0,5,7390,589988
58.6,42,58.51,42.0,5,7400,892108
58.6,42,58.48,42.0,5,7410,147256
58.6,42,58.44,42.0,5,7420,334116
58.6,42,58.42,42.0,5,7430,53291
58.6,42,58.4,42.0,5,7440,846936
58.5,42,58.4,42.0,5,7450,168569
58.5,42,58.34,42.0,5,7460,354643
58.5,42,58.33,42.0,5,7470,3819
58.5,42,58.29,42.0,5,7480,51758
58.5,42,58.28,42.0,5,7490,146626
58.4,42,58.25,42.0,5,7500,288948
58.4,42,58.23,42.0,5,7510,56733
58.3,42,58.19,42.0,5,7520,6209
58.3,42,58.16,42.0,5,7530,327133
58.3,42,58.17,42.0,5,7540,155912
58.3,42,58.14,42.0,5,7550,180357
58.3,42,58.11,42.0,5,7560,904042
58.2,42,58.08,42.0,5,7570,20533
58.2,42,58.05,42.0,5,7580,314002
58.2,42,58.02,42.0,5,7590,568282
58.1,42,57.98,42.0,5,7600,613377
58.1,42,57.97,42.0,5,7610,29520
58.1,42,57.96,42.0,5,7620,276410
58.1,42,57.91,42.0,5,7630,151661
58.1,42,57.9,42.0,5,7640,596217
58.0,42,57.88,42.0,5,7650,236813
58.0,42,57.86,42.0,5,7660,518274
58.0,42,57.81,42.0,5,7671,204900
58.0,42,57.78,42.0,5,7680,916158
58.0,42,57.77,42.0,5,7690,35888
58.0,42,57.75,42.0,5,7700,460312
57.9,42,57.72,42.0,5,7710,230677
57.9,42,57.7,42.0,5,7720,406798
57.8,42,57.68,42.0,5,7730,188693
57.8,42,57.67,42.0,5,7740,411881
57.8,42,57.65,42.0,5,7750,95510
57.8,42,57.62,42.0,5,7760,755497
57.8,42,57.6,42.0,5,7770,365861
57.7,42,57.56,42.0,5,7780,304745
57.7,42,57.55,42.0,5,7790,151522
57.7,42,57.52,42.0,5,7800,85983
57.6,42,57.5,42.0,5,7810,120106
57.6,42,57.48,42.0,5,7820,181758
57.6,42,57.44,42.0,5,7830,540898
57.6,42,57.41,42.0,5,7840,580577
57.6,42,57.4,42.0,5,7850,628291
57.5,42,57.35,42.0,5,7860,312410
57.5,42,57.35,42.0,5,7870,106249
57.5,42,57.32,42.0,5,7880,333060
57.5,42,57.28,42.0,5,7890,28921
57.5,42,57.26,42.0,5,7900,566611
57.4,42,57.23,42.0,5,7910,188433
57.4,42,57.2,42.0,5,7920,341575
57.3,42,57.19,42.0,5,7931,24395
57.3,42,57.16,42.0,5,7940,116496
57.3,42,57.12,42.0,5,7950,556381
57.3,42,57.1,42.0,5,7960,194179
57.3,42,57.06,42.0,5,7970,320402
57.2,42,57.06,42.0,5,7980,108477
57.2,42,57.03,42.0,5,7990,339932
57.2,42,57.01,42.0,5,8000,633430
57.1,42,56.98,42.0,5,8010,130943
57.1,42,56.97,42.0,5,8020,177386
57.1,42,56.94,42.0,5,8030,13621
57.1,42,56.92,42.0,5,8040,311775
57.1,42,56.91,42.0,5,8050,3802
57.0,42,56.86,42.0,5,8060,379811
57.0,42,56.85,42.0,5,8071,711313
57.0,42,56.81,42.0,5,8080,395111
57.0,42,56.8,42.0,5,8090,77946
57.0,42,56.79,42.0,5,8100,53851
57.0,42,56.77,42.0,5,8110,40971
56.9,42,56.74,42.0,5,8120,175104
56.9,42,56.71,42.0,5,8130,252520
56.8,42,56.7,42.0,5,8140,4316
56.8,42,56.68,42.0,5,8150,409612
56.8,42,56.63,42.0,5,8160,134803
56.8,42,56.6,42.0,5,8170,65010
56.8,42,56.58,42.0,5,8180,116330
56.7,42,56.56,42.0,5,8190,66591
56.7,42,56.57,42.0,5,8200,84606
56.7,42,56.53,42.0,5,8210,319944
56.6,42,56.49,42.0,5,8220,546135
56.6,42,56.46,42.0,5,8230,331781
56.6,42,56.45,42.0,5,8240,139765
56.6,42,56.42,42.0,5,8250,117834
56.6,42,56.39,42.0,5,8260,395269
56.5,42,56.35,42.0,5,8270,663108
56.5,42,56.34,42.0,5,8280,13513
56.5,42,56.32,42.0,5,8290,288900
56.5,42,56.29,42.0,5,8300,42129
56.5,42,56.26,42.0,5,8310,179835
56.4,42,56.24,42.0,5,8320,550779
56.4,42,56.21,42.0,5,8330,159115
56.3,42,56.18,42.0,5,8340,52113
56.3,42,56.13,42.0,5,8350,660135
56.3,42,56.13,42.0,5,8360,169682
56.3,42,56.12,42.0,5,8370,105381
56.3,42,56.08,42.0,5,8380,464120
56.3,42,56.07,42.0,5,8390,536520
56.2,42,56.03,42.0,5,8400,291715
56.2,42,56.03,42.0,5,8410,11552
56.1,42,56.0,42.0,5,8420,967473
56.1,42,55.97,42.0,5,8430,208930
56.1,42,55.96,42.0,5,8440,317794
56.1,42,55.94,42.0,5,8450,196698
56.1,42,55.89,42.0,5,8460,123701
56.0,42,55.89,42.0,5,8470,171889
56.0,42,55.85,42.0,5,8481,296147
56.0,42,55.84,42.0,5,8490,568759
56.0,42,55.85,42.0,5,8500,493136
56.0,42,55.79,42.0,5,8510,716988
55.9,42,55.8,42.0,5,8520,24309
55.9,42,55.75,42.0,5,8530,90906
55.9,42,55.72,42.0,5,8540,198222
55.8,42,55.67,42.0,5,8550,241134
55.8,42,55.66,42.0,5,8560,575672
55.8,42,55.64,42.0,5,8570,917293
55.8,42,55.62,42.0,5,8580,75449
55.8,42,55.6,42.0,5,8591,39561
55.7,42,55.57,42.0,5,8600,202107
55.7,42,55.56,42.0,5,8610,155441
55.6,42,55.55,42.0,5,8620,21688
55.6,42,55.5,42.0,5,8630,97491
55.6,42,55.47,42.0,5,8640,288141
55.6,42,55.44,42.0,5,8650,40036
55.6,42,55.43,42.0,5,8660,112787
55.6,42,55.42,42.0,5,8670,119043
55.5,42,55.42,42.0,5,8680,248547
55.5,42,55.38,42.0,5,8690,826929
55.5,42,55.36,42.0,5,8700,824859
55.5,42,55.34,42.0,5,8710,281570
55.5,42,55.31,42.0,5,8720,313598
55.4,42,55.26,42.0,5,8730,109758
55.4,42,55.24,42.0,5,8740,636891
55.3,42,55.23,42.0,5,8750,105894
55.3,42,55.2,42.0,5,8760,459739
55.3,42,55.18,42.0,5,8770,383189
55.3,42,55.14,42.0,5,8780,4922
55.3,42,55.11,42.0,5,8791,519514
55.2,42,55.09,42.0,5,8800,561986
55.2,42,55.08,42.0,5,8811,321421
55.2,42,55.06,42.0,5,8820,171358
55.1,42,55.05,42.0,5,8830,568838
55.1,42,55.02,42.0,5,8840,357624
55.1,42,54.98,42.0,5,8850,281712
55.1,42,54.94,42.0,5,8860,372583
55.1,42,54.92,42.0,5,8870,615425
55.0,42,54.92,42.0,5,8880,30541
55.0,42,54.91,42.0,5,8890,334690
55.0,42,54.85,42.0,5,8900,104139
55.0,42,54.84,42.0,5,8910,773111
55.0,42,54.84,42.0,5,8920,316737
54.9,42,54.79,42.0,5,8930,73480
54.9,42,54.76,42.0,5,8940,467939
54.9,42,54.75,42.0,5,8950,295439
54.8,42,54.74,42.0,5,8960,316043
54.8,42,54.7,42.0,5,8970,299267
54.8,42,54.68,42.0,5,8980,181420
54.8,42,54.65,42.0,5,8990,457937
54.8,42,54.61,42.0,5,9000,136610
54.7,42,54.6,42.0,5,9010,15637
54.7,42,54.57,42.0,5,9020,328892
54.7,42,54.55,42.0,5,9030,40257
54.6,42,54.53,42.0,5,9040,124086
54.6,42,54.5,42.0,5,9050,506609
54.6,42,54.48,42.0,5,9060,49850
54.6,42,54.46,42.0,5,9070,355486
54.6,42,54.45,42.0,5,9080,320295
54.5,42,54.4,42.0,5,9090,797069
54.5,42,54.4,42.0,5,9100,15301
54.5,42,54.36,42.0,5,9110,76909
54.5,42,54.34,42.0,5,9120,203443
54.5,42,54.31,42.0,5,9130,256681
54.4,42,54.3,42.0,5,9140,164039
54.4,42,54.26,42.0,5,9150,318882
54.4,42,54.23,42.0,5,9160,4075
54.3,42,54.23,42.0,5,9170,178959
54.3,42,54.18,42.0,5,9180,234650
54.3,42,54.19,42.0,5,9190,150275
54.3,42,54.16,42.0,5,9200,291299
54.3,42,54.14,42.0,5,9210,281138
54.2,42,54.1,42.0,5,9220,169397
54.2,42,54.09,42.0,5,9230,60811
54.2,42,54.06,42.0,5,9240,771753
54.1,42,54.03,42.0,5,9250,172135
54.1,42,54.02,42.0,5,9260,93899
54.1,42,54.0,42.0,5,9270,27581
54.1,42,53.98,42.0,5,9280,99578
54.1,42,53.95,42.0,5,9290,531886
54.0,42,53.93,42.0,5,9300,349587
54.0,42,53.9,42.0,5,9310,191162
54.0,42,53.87,42.0,5,9321,37681
54.0,42,53.85,42.0,5,9330,171637
54.0,42,53.84,42.0,5,9340,193803
53.9,42,53.8,42.0,5,9350,171994
53.9,42,53.77,42.0,5,9360,275400
53.9,42,53.77,42.0,5,9370,11605
53.9,42,53.72,42.0,5,9380,9274
53.8,42,53.7,42.0,5,9390,12417
53.8,42,53.71,42.0,5,9400,239212
53.8,42,53.67,42.0,5,9410,36787
53.8,42,53.65,42.0,5,9420,307116
53.8,42,53.64,42.0,5,9430,445294
53.7,42,53.6,42.0,5,9440,177876
53.7,42,53.57,42.0,5,9450,654437
53.7,42,53.55,42.0,5,9460,131645
53.6,42,53.54,42.0,5,9470,15304
53.6,42,53.52,42.0,5,9480,106833
53.6,42,53.5,42.0,5,9490,306442
53.6,42,53.48,42.0,5,9500,156486
53.6,42,53.47,42.0,5,9510,333866
53.6,42,53.43,42.0,5,9520,161224
53.5,42,53.43,42.0,5,9530,505879
53.5,42,53.39,42.0,5,9540,859553
53.5,42,53.38,42.0,5,9550,469899
53.5,42,53.34,42.0,5,9560,561270
53.5,42,53.32,42.0,5,9570,280885
53.5,42,53.32,42.0,5,9580,960653
53.4,42,53.29,42.0,5,9590,96876
53.4,42,53.27,42.0,5,9601,619231
53.3,42,53.25,42.0,5,9610,10184
53.3,42,53.23,42.0,5,9620,74426
53.3,42,53.2,42.0,5,9630,616852
53.3,42,53.16,42.0,5,9640,779600
53.3,42,53.16,42.0,5,9650,670880
53.3,42,53.14,42.0,5,9660,47234
53.3,42,53.13,42.0,5,9670,654523
53.2,42,53.07,42.0,5,9680,135976
53.2,42,53.07,42.0,5,9690,535185
53.1,42,53.04,42.0,5,9700,552729
53.1,42,53.03,42.0,5,9710,309687
53.1,42,53.0,42.0,5,9721,56439
53.1,42,52.99,42.0,5,9730,682512
53.1,42,52.96,42.0,5,9740,357489
53.1,42,52.93,42.0,5,9750,165288
53.1,42,52.92,42.0,5,9760,199004
53.0,42,52.91,42.0,5,9770,456730
53.0,42,52.88,42.0,5,9780,410895
53.0,42,52.85,42.0,5,9790,15018
53.0,42,52.85,42.0,5,9800,348916
53.0,42,52.82,42.0,5,9810,130421
53.0,42,52.83,42.0,5,9820,823947
53.0,42,52.8,42.0,5,9830,321848
52.9,42,52.77,42.0,5,9840,45942
52.9,42,52.75,42.0,5,9850,27849
52.8,42,52.74,42.0,5,9860,607496
52.8,42,52.72,42.0,5,9870,17761
52.8,42,52.69,42.0,5,9880,102192
52.8,42,52.68,42.0,5,9891,87156
52.8,42,52.64,42.0,5,9900,323982
52.8,42,52.62,42.0,5,9910,693887
52.7,42,52.58,42.0,5,9920,139882
52.7,42,52.58,42.0,5,9930,239759
52.7,42,52.57,42.0,5,9941,20544
52.7,42,52.52,42.0,5,9950,92915
52.6,42,52.5,42.0,5,9960,107170
52.6,42,52.47,42.0,5,9970,261725
52.6,42,52.47,42.0,5,9980,139946
52.6,42,52.45,42.0,5,9990,214555
52.6,42,52.44,42.0,5,10000,499499
52.6,42,52.41,42.0,5,10010,559142
52.5,42,52.38,42.0,5,10020,934980
52.5,42,52.37,42.0,5,10031,538768
52.5,42,52.35,42.0,5,10040,172682
52.5,42,52.34,42.0,5,10050,279667
52.5,42,52.3,42.0,5,10060,73303
52.5,42,52.28,42.0,5,10070,112992
52.5,42,52.29,42.0,5,10080,42379
52.4,42,52.28,42.0,5,10090,98743
52.4,42,52.24,42.0,5,10100,295432
52.4,42,52.24,42.0,5,10110,333910
52.3,42,52.22,42.0,5,10120,245500
52.3,42,52.2,42.0,5,10130,35732
52.3,42,52.18,42.0,5,10140,701187
52.3,42,52.15,42.0,5,10150,297181
52.3,42,52.15,42.0,5,10160,22040
52.3,42,52.1,42.0,5,10170,216332
52.3,42,52.1,42.0,5,10180,25127
52.2,42,52.1,42.0,5,10190,55646
52.2,42,52.1,42.0,5,10200,466562
52.2,42,52.05,42.0,5,10210,592011
52.1,42,52.04,42.0,5,10220,266483
52.1,42,52.0,42.0,5,10230,96090
52.1,42,52.0,42.0,5,10240,32300
52.1,42,51.98,42.0,5,10250,34704
52.1,42,51.95,42.0,5,10260,253751
52.1,42,51.94,42.0,5,10270,338927
52.1,42,51.91,42.0,5,10280,205168
52.1,42,51.89,42.0,5,10290,157349
52.0,42,51.89,42.0,5,10300,119448
52.0,42,51.86,42.0,5,10310,31729
52.0,42,51.84,42.0,5,10321,479406
52.0,42,51.81,42.0,5,10330,359472
52.0,42,51.8,42.0,5,10340,385953
52.0,42,51.77,42.0,5,10350,855059
51.9,42,51.68,42.0,5,10360,188566
51.9,42,51.59,42.0,5,10370,317521
51.9,42,51.23,42.0,5,10380,188070
51.8,42,50.73,42.0,5,10390,490083
51.8,42,50.31,42.0,5,10400,335826
51.7,42,49.82,42.0,5,10410,50137
51.6,42,49.46,42.0,5,10420,134404
51.5,42,48.77,42.0,5,10430,345519
51.3,42,48.39,42.0,5,10440,675479
51.2,42,47.96,42.0,5,10450,211802
51.0,42,47.56,42.0,5,10460,783378
50.9,42,47.39,42.0,5,10470,71346
50.7,42,47.32,42.0,5,10480,655546
50.5,42,47.32,42.0,5,10490,330653
50.3,42,47.32,42.0,5,10500,520475
50.2,42,47.35,42.0,5,10510,350191
50.1,42,47.36,42.0,5,10520,86690
49.9,42,47.38,42.0,5,10530,349987
49.8,42,47.41,42.0,5,10540,344998
49.6,42,47.42,42.0,5,10550,14849
49.5,42,47.44,42.0,5,10560,648539
49.4,42,47.46,42.0,5,10570,96172
49.3,42,47.45,42.0,5,10580,135628
49.2,42,47.48,42.0,5,10590,268572
49.1,42,47.48,42.0,5,10600,184311
49.0,42,47.51,42.0,5,10610,137429
49.0,42,47.53,42.0,5,10620,445781
48.9,42,47.52,42.0,5,10630,272065
48.8,42,47.51,42.0,5,10640,504676
48.7,42,47.52,42.0,5,10650,51318
48.6,42,47.52,42.0,5,10660,483240
48.6,42,47.52,42.0,5,10670,27252
48.5,42,47.52,42.0,5,10680,310736
48.5,42,47.53,42.0,5,10690,735526
48.4,42,47.51,42.0,5,10700,389852
48.4,42,47.52,42.0,5,10710,67135
48.3,42,47.51,42.0,5,10720,21967
48.3,42,47.5,42.0,5,10730,174730
48.3,42,47.48,42.0,5,10740,208759
48.2,42,47.48,42.0,5,10750,272145
48.1,42,47.4,42.0,5,10760,147503
48.1,42,46.97,42.0,5,10770,178402
48.0,42,46.76,42.0,5,10780,159049
48.0,42,46.67,42.0,5,10790,308099
47.9,42,46.64,42.0,5,10800,7789
