41.6,42,42.15,44.05,5,23,860339
41.6,42,42.15,44.05,5,24,650333
41.6,42,42.31,44.05,5,30,902877
41.6,42,42.67,44.05,5,43,19420
41.6,42,42.81,44.05,5,50,268128
41.7,42,43.01,44.05,5,60,418674
41.8,42,43.29,44.05,5,71,260601
41.8,42,43.56,44.05,5,80,593595
41.8,42,43.72,44.05,5,93,33656
42.0,42,43.72,44.05,5,111,526100
42.0,42,43.8,42.04,5,112,308598
42.0,42,43.68,42.04,5,120,75086
42.1,42,43.42,42.04,5,130,166925
42.1,42,43.26,42.04,5,140,246194
42.2,42,43.21,42.04,5,150,400248
42.3,42,43.16,42.04,5,160,549485
42.3,42,43.15,42.04,5,170,669437
42.3,42,43.14,42.04,5,180,7843
42.4,42,43.09,42.04,5,190,76330
42.4,42,43.09,41.47,5,209,417137
42.4,42,43.09,41.47,5,210,200249
42.5,42,43.18,41.47,5,220,310352
42.5,42,43.11,41.47,5,230,280798
42.5,42,43.07,41.47,5,241,193590
42.5,42,43.06,41.47,5,250,551416
42.6,42,43.03,41.47,5,262,94394
42.6,42,43.04,41.47,5,270,702552
42.6,42,42.99,41.47,5,281,598568
42.6,42,42.99,41.47,5,300,107206
42.6,42,43.01,41.92,5,300,893288
42.6,42,43.22,41.92,5,310,177332
42.7,42,43.15,41.92,5,320,303609
42.7,42,43.09,41.92,5,331,886534
42.7,42,43.03,41.92,5,340,419187
42.7,42,43.0,41.92,5,350,507876
42.7,42,42.99,41.92,5,361,328328
42.7,42,42.97,41.92,5,370,608111
42.7,42,42.96,41.92,5,390,833110
42.7,42,42.97,42.86,5,391,615688
42.8,42,43.17,42.86,5,400,197530
42.8,42,43.07,42.86,5,410,759957
42.8,42,43.03,42.86,5,420,392899
42.8,42,43.0,42.86,5,430,464923
42.8,42,42.99,42.86,5,440,619683
42.8,42,42.98,42.86,5,451,472884
42.8,42,42.98,42.86,5,460,37817
42.8,42,42.99,42.86,5,481,876441
42.8,42,43.07,41.75,5,484,832964
42.8,42,43.07,41.75,5,490,276099
42.8,42,43.02,41.75,5,500,430065
42.8,42,42.97,41.75,5,510,559718
42.8,42,42.96,41.75,5,520,688442
42.8,42,42.94,41.75,5,530,55794
42.8,42,42.93,41.75,5,540,317658
42.8,42,42.9,41.75,5,551,26112
42.8,42,42.89,41.75,5,561,858788
42.8,42,42.88,41.75,5,571,223886
42.8,42,42.87,41.75,5,581,566076
42.8,42,42.87,41.75,5,591,460107
42.8,42,42.85,41.75,5,601,539552
42.8,42,42.84,41.75,5,610,751165
42.8,42,42.82,41.75,5,620,241595
42.8,42,42.8,41.75,5,630,375678
42.8,42,42.8,41.75,5,641,871706
42.8,42,42.79,41.75,5,651,206414
42.8,42,42.79,41.75,5,669,718968
42.8,42,42.83,41.55,5,671,283911
42.8,42,42.9,41.55,5,682,166852
42.8,42,42.82,41.55,5,692,267241
42.8,42,42.79,41.55,5,700,71771
42.8,42,42.79,41.55,5,710,206394
42.8,42,42.77,41.55,5,720,131197
42.8,42,42.74,41.55,5,731,878508
42.8,42,42.76,41.55,5,740,405997
42.8,42,42.73,41.55,5,750,411521
42.8,42,42.73,41.55,5,760,869187
42.8,42,42.71,41.55,5,770,706646
42.8,42,42.71,41.55,5,780,135438
42.7,42,42.73,42.43,5,801,647667
42.7,42,42.73,42.43,5,803,216287
42.7,42,42.92,42.43,5,810,195073
42.7,42,42.8,42.43,5,820,987539
42.7,42,42.77,42.43,5,830,364959
42.7,42,42.77,42.43,5,841,205361
42.7,42,42.73,42.43,5,851,972949
42.7,42,42.73,42.43,5,860,577461
42.7,42,42.7,42.43,5,870,665596
42.6,42,42.72,41.32,5,893,586204
42.7,42,42.72,41.32,5,894,374360
42.7,42,42.79,41.32,5,900,601454
42.7,42,42.76,41.32,5,910,468967
42.6,42,42.69,41.32,5,920,868068
42.7,42,42.69,41.32,5,930,190079
42.6,42,42.67,41.32,5,940,350362
42.7,42,42.66,41.32,5,952,30354
42.6,42,42.68,41.32,5,962,92917
42.6,42,42.65,41.32,5,970,632641
42.6,42,42.63,41.32,5,980,769314
42.6,42,42.62,41.32,5,990,145354
42.6,42,42.58,41.32,5,1000,851539
42.6,42,42.59,41.32,5,1010,198699
42.6,42,42.57,41.32,5,1022,637552
42.6,42,42.56,41.32,5,1030,358661
42.6,42,42.54,41.32,5,1041,237309
42.6,42,42.54,41.32,5,1052,914916
42.6,42,42.53,41.32,5,1063,624644
42.6,42,42.53,41.32,5,1071,403709
42.6,42,42.51,41.32,5,1082,325389
42.6,42,42.5,41.32,5,1090,112821
42.6,42,42.48,41.32,5,1100,282989
42.6,42,42.47,41.32,5,1110,445501
42.6,42,42.46,41.32,5,1120,532943
42.5,42,42.47,41.12,5,1140,184185
42.5,42,42.47,41.12,5,1140,966354
42.5,42,42.57,41.12,5,1150,218297
42.5,42,42.51,41.12,5,1163,379787
42.5,42,42.47,41.12,5,1171,96897
42.5,42,42.47,41.12,5,1180,569229
42.5,42,42.46,41.12,5,1190,669178
42.5,42,42.45,41.12,5,1201,463328
42.5,42,42.46,41.12,5,1210,83696
42.5,42,42.44,41.12,5,1220,155223
42.5,42,42.42,41.12,5,1231,87503
42.5,42,42.41,41.12,5,1240,458991
42.5,42,42.39,41.12,5,1251,338926
42.5,42,42.39,41.12,5,1260,40951
42.5,42,42.39,41.12,5,1272,231329
42.5,42,42.36,41.12,5,1280,476157
42.4,42,42.39,42.03,5,1300,749078
42.4,42,42.39,42.03,5,1302,199342
42.4,42,42.58,42.03,5,1310,751046
42.4,42,42.5,42.03,5,1320,777859
42.4,42,42.44,42.03,5,1330,118142
42.4,42,42.4,42.03,5,1340,44149
42.4,42,42.38,42.03,5,1350,228258
42.4,42,42.37,42.03,5,1360,245989
42.4,42,42.36,42.03,5,1370,319618
42.3,42,42.35,40.96,5,1392,348110
42.4,42,42.35,40.96,5,1393,115235
42.3,42,42.47,40.96,5,1400,29471
42.3,42,42.41,40.96,5,1410,202227
42.4,42,42.36,40.96,5,1420,290724
42.4,42,42.33,40.96,5,1430,436605
42.3,42,42.31,40.96,5,1442,248212
42.3,42,42.3,40.96,5,1451,539715
42.3,42,42.3,40.96,5,1460,107796
42.3,42,42.3,40.96,5,1470,187175
42.3,42,42.29,40.96,5,1481,31352
42.3,42,42.28,40.96,5,1490,424431
42.3,42,42.26,40.96,5,1500,197262
42.3,42,42.27,40.96,5,1511,390318
42.3,42,42.25,40.96,5,1520,729440
42.3,42,42.24,40.96,5,1530,22533
42.3,42,42.2,40.96,5,1540,913323
42.3,42,42.2,40.96,5,1550,240226
42.3,42,42.2,40.96,5,1560,356575
42.3,42,42.19,40.96,5,1574,293257
42.3,42,42.19,40.96,5,1581,334640
42.3,42,42.17,40.96,5,1590,683357
42.3,42,42.18,40.96,5,1600,648984
42.3,42,42.17,40.96,5,1610,952578
42.2,42,42.16,41.88,5,1637,145591
42.2,42,42.26,41.88,5,1638,692931
42.2,42,42.33,41.88,5,1640,253656
42.2,42,42.36,41.88,5,1650,283592
42.2,42,42.25,41.88,5,1661,96898
42.2,42,42.22,41.88,5,1671,975782
42.2,42,42.17,41.88,5,1681,248629
42.2,42,42.19,41.88,5,1690,629851
42.2,42,42.19,41.88,5,1702,350806
42.2,42,42.16,40.84,5,1727,107473
42.2,42,42.22,40.84,5,1729,136502
42.2,42,42.27,40.84,5,1730,984220
42.2,42,42.23,40.84,5,1740,294137
42.2,42,42.18,40.84,5,1750,379090
42.2,42,42.16,40.84,5,1762,732206
42.2,42,42.14,40.84,5,1770,485047
42.2,42,42.11,40.84,5,1780,661602
42.1,42,42.12,40.84,5,1791,558902
42.2,42,42.11,40.84,5,1800,908262
42.1,42,42.11,40.84,5,1820,109634
42.1,42,42.14,40.29,5,1822,440393
42.1,42,42.21,40.29,5,1831,770096
42.1,42,42.18,40.29,5,1840,344162
42.1,42,42.12,40.29,5,1851,951241
42.1,42,42.11,40.29,5,1861,187239
42.1,42,42.11,40.29,5,1872,17593
42.1,42,42.09,40.29,5,1880,896611
42.1,42,42.08,40.29,5,1890,606858
42.1,42,42.07,40.29,5,1910,70796
42.1,42,42.14,40.79,5,1913,163433
42.1,42,42.29,40.79,5,1921,55274
42.1,42,42.21,40.79,5,1930,412080
42.1,42,42.16,40.79,5,1940,389787
42.1,42,42.12,40.79,5,1954,377688
42.1,42,42.12,40.79,5,1961,326609
42.1,42,42.08,40.79,5,1970,689707
42.1,42,42.1,40.79,5,1980,24109
42.1,42,42.07,40.79,5,1990,95795
42.1,42,42.06,40.79,5,2000,167280
42.1,42,42.04,40.79,5,2010,202388
42.1,42,42.05,40.79,5,2020,340628
42.1,42,42.02,40.79,5,2033,573665
42.1,42,42.02,40.79,5,2041,376410
42.1,42,42.0,40.79,5,2050,91068
42.1,42,42.01,40.79,5,2060,137869
42.1,42,42.0,40.79,5,2070,276702
42.1,42,42.01,40.79,5,2081,141053
42.1,42,41.99,40.79,5,2091,231315
42.1,42,41.96,40.79,5,2100,560486
42.1,42,41.96,40.79,5,2110,739112
42.0,42,41.95,40.79,5,2120,48567
42.0,42,41.95,40.79,5,2137,889920
42.0,42,42.12,42.0,5,2140,883845
42.0,42,42.19,42.0,5,2150,967619
42.0,42,42.08,42.0,5,2160,167079
42.0,42,42.08,42.0,5,2170,255509
42.0,42,42.08,42.0,5,2180,417966
42.0,42,42.07,42.0,5,2190,546057
42.0,42,42.07,42.0,5,2200,536988
42.0,42,42.06,42.0,5,2210,628846
42.0,42,42.03,42.0,5,2220,18955
42.0,42,42.05,42.0,5,2231,57231
42.0,42,42.04,42.0,5,2240,903882
42.0,42,42.12,42.0,5,2250,943036
42.0,42,42.09,42.0,5,2260,200624
42.0,42,42.04,42.0,5,2271,82123
42.0,42,42.1,42.0,5,2280,544989
42.0,42,42.08,42.0,5,2290,9213
42.1,42,42.03,42.0,5,2300,101770
42.0,42,42.08,42.0,5,2310,979929
42.0,42,42.06,42.0,5,2320,323749
42.0,42,42.03,42.0,5,2330,935815
42.0,42,42.11,42.0,5,2341,84128
42.0,42,42.1,42.0,5,2350,742797
42.0,42,42.05,42.0,5,2362,403402
42.0,42,42.08,42.0,5,2371,749962
42.0,42,42.08,42.0,5,2380,266179
42.0,42,42.05,42.0,5,2390,205900
42.0,42,42.06,42.0,5,2400,404426
42.0,42,42.06,42.0,5,2410,284839
42.0,42,42.17,42.0,5,2423,1036
42.0,42,42.11,42.0,5,2430,722164
42.0,42,42.1,42.0,5,2440,97763
42.1,42,42.09,42.0,5,2450,80976
42.0,42,42.11,42.0,5,2460,973484
42.1,42,42.07,42.0,5,2470,382917
42.1,42,42.07,42.0,5,2480,519828
42.1,42,42.07,42.0,5,2491,449920
42.0,42,42.1,42.0,5,2500,167665
42.1,42,42.08,42.0,5,2510,293411
42.1,42,42.07,42.0,5,2522,30534
42.1,42,42.07,42.0,5,2531,321118
42.1,42,42.16,42.0,5,2540,715243
42.1,42,42.13,42.0,5,2550,54819
42.1,42,42.08,42.0,5,2560,225221
42.1,42,42.07,42.0,5,2574,171243
42.1,42,42.07,42.0,5,2580,343403
42.1,42,42.1,42.0,5,2591,183274
42.1,42,42.07,42.0,5,2602,738063
42.1,42,42.07,42.0,5,2611,307539
42.1,42,42.07,42.0,5,2620,538874
42.0,42,42.07,42.0,5,2631,447358
42.0,42,42.06,42.0,5,2641,514302
42.0,42,42.07,42.0,5,2650,22362
42.1,42,42.02,42.0,5,2660,198719
42.0,42,42.07,42.0,5,2670,325222
42.1,42,42.05,42.0,5,2680,245671
42.1,42,42.03,42.0,5,2691,164684
42.1,42,42.1,42.0,5,2701,170466
42.0,42,42.06,42.0,5,2710,542045
42.0,42,42.12,42.0,5,2722,259825
42.0,42,42.06,42.0,5,2730,17845
42.0,42,42.04,42.0,5,2740,135345
42.0,42,42.06,42.0,5,2750,975419
42.0,42,42.06,42.0,5,2760,388732
42.0,42,42.05,42.0,5,2772,58066
42.1,42,42.03,42.0,5,2780,650962
42.0,42,42.08,42.0,5,2790,694076
42.0,42,42.08,42.0,5,2801,507418
42.1,42,42.05,42.0,5,2812,385308
42.0,42,42.1,42.0,5,2820,924842
42.0,42,42.1,42.0,5,2831,580593
42.0,42,42.06,42.0,5,2840,335636
42.0,42,42.1,42.0,5,2851,79456
42.1,42,42.07,42.0,5,2860,638406
42.1,42,42.05,42.0,5,2871,622015
42.1,42,42.03,42.0,5,2881,699544
42.1,42,42.06,42.0,5,2890,303893
42.0,42,42.03,42.0,5,2902,685721
42.1,42,42.04,42.0,5,2911,135405
42.0,42,42.08,42.0,5,2920,2709
42.0,42,42.06,42.0,5,2930,665146
42.1,42,42.1,42.0,5,2940,767369
42.0,42,42.06,42.0,5,2950,115973
42.1,42,42.05,42.0,5,2960,252648
42.1,42,42.08,42.0,5,2970,284028
42.1,42,42.05,42.0,5,2980,432982
42.1,42,42.03,42.0,5,2990,954759
42.1,42,42.06,42.0,5,3001,444354
42.0,42,42.07,42.0,5,3013,52475
42.1,42,42.11,42.0,5,3020,823066
42.0,42,42.08,42.0,5,3030,124274
42.0,42,42.05,42.0,5,3040,281382
42.1,42,42.07,42.0,5,3051,819097
42.1,42,42.06,42.0,5,3060,47365
42.1,42,42.07,42.0,5,3070,418359
42.0,42,42.07,42.0,5,3081,251827
42.1,42,42.06,42.0,5,3091,450320
42.1,42,42.03,42.0,5,3100,11771
42.0,42,42.07,42.0,5,3110,921490
42.0,42,42.02,42.0,5,3120,235743
42.0,42,42.11,42.0,5,3130,982365
42.0,42,42.1,42.0,5,3140,329867
42.0,42,42.06,42.0,5,3151,122883
42.1,42,42.04,42.0,5,3160,425197
42.0,42,42.05,42.0,5,3170,484472
42.0,42,42.08,42.0,5,3181,434863
42.0,42,42.07,42.0,5,3190,754554
42.0,42,42.05,42.0,5,3203,166458
42.0,42,42.05,42.0,5,3210,180817
42.0,42,42.02,42.0,5,3222,427872
42.0,42,42.05,42.0,5,3230,217913
42.0,42,42.09,42.0,5,3241,830250
42.0,42,42.14,42.0,5,3251,176312
42.0,42,42.08,42.0,5,3262,140081
42.0,42,42.04,42.0,5,3272,220443
42.0,42,42.13,42.0,5,3280,81248
42.0,42,42.12,42.0,5,3290,107875
42.0,42,42.07,42.0,5,3300,204221
42.0,42,42.08,42.0,5,3310,324152
42.0,42,42.07,42.0,5,3320,588993
42.0,42,42.08,42.0,5,3331,164531
42.0,42,42.03,42.0,5,3340,461067
42.0,42,42.06,42.0,5,3350,115540
42.0,42,42.09,42.0,5,3360,719509
42.0,42,42.07,42.0,5,3370,33993
42.1,42,42.02,42.0,5,3386,265207
42.0,42,42.07,42.0,5,3390,930234
42.0,42,42.05,42.0,5,3400,415780
42.0,42,42.03,42.0,5,3410,442627
42.0,42,42.1,42.0,5,3422,45837
42.0,42,42.1,42.0,5,3431,288386
42.0,42,42.05,42.0,5,3440,566752
42.0,42,42.05,42.0,5,3450,644055
42.0,42,42.06,42.0,5,3462,283333
42.0,42,42.03,42.0,5,3470,643861
42.0,42,42.05,42.0,5,3480,46504
42.0,42,42.03,42.0,5,3490,73547
42.0,42,42.03,42.0,5,3500,183437
42.0,42,42.03,42.0,5,3510,331907
42.0,42,42.05,42.0,5,3521,165525
42.0,42,42.02,42.0,5,3531,205227
42.0,42,42.01,42.0,5,3541,358311
42.0,42,42.06,42.0,5,3550,743577
42.0,42,42.06,42.0,5,3560,133332
42.0,42,42.04,42.0,5,3570,168113
42.0,42,42.02,42.0,5,3580,251571
42.0,42,42.12,42.0,5,3590,335640
42.0,42,42.1,42.0,5,3601,244466
42.0,42,42.03,42.0,5,3611,339796
42.0,42,42.07,42.0,5,3620,706749
42.0,42,42.1,42.0,5,3630,901194
42.0,42,42.05,42.0,5,3640,240569
42.0,42,42.03,42.0,5,3650,303461
42.0,42,42.02,42.0,5,3661,38854
42.0,42,42.0,42.0,5,3670,385347
42.0,42,42.05,42.0,5,3680,433116
42.0,42,42.03,42.0,5,3690,180593
42.0,42,42.06,42.0,5,3700,682220
42.0,42,42.08,42.0,5,3710,36564
42.0,42,42.06,42.0,5,3720,141792
42.0,42,42.05,42.0,5,3732,510857
42.0,42,42.06,42.0,5,3740,306014
42.0,42,42.05,42.0,5,3750,430392
42.0,42,42.11,42.0,5,3760,593433
42.0,42,42.08,42.0,5,3770,639339
42.0,42,42.05,42.0,5,3781,297563
42.0,42,42.06,42.0,5,3791,573584
42.0,42,42.06,42.0,5,3800,181602
42.0,42,42.03,42.0,5,3810,249679
42.0,42,42.05,42.0,5,3820,452146
42.0,42,42.07,42.0,5,3831,256578
42.0,42,42.05,42.0,5,3842,94274
42.0,42,42.05,42.0,5,3852,855804
42.0,42,42.02,42.0,5,3860,719044
42.0,42,42.01,42.0,5,3871,536838
42.0,42,42.03,42.0,5,3880,881473
42.0,42,42.0,42.0,5,3890,201025
42.0,42,42.06,42.0,5,3901,119841
42.0,42,42.02,42.0,5,3910,368865
42.0,42,42.05,42.0,5,3920,658585
42.0,42,42.04,42.0,5,3930,549231
42.0,42,42.06,42.0,5,3942,205060
42.0,42,42.07,42.0,5,3951,562148
42.0,42,42.11,42.0,5,3960,908441
42.0,42,42.06,42.0,5,3971,97694
42.0,42,42.06,42.0,5,3981,107740
42.0,42,42.02,42.0,5,3992,864790
42.0,42,42.03,42.0,5,4000,633388
42.0,42,42.01,42.0,5,4011,486938
42.0,42,42.05,42.0,5,4022,282060
42.0,42,42.05,42.0,5,4030,97658
42.0,42,42.02,42.0,5,4041,772163
42.0,42,42.02,42.0,5,4050,311463
42.0,42,42.05,42.0,5,4061,991352
42.0,42,42.0,42.0,5,4070,499596
42.0,42,42.05,42.0,5,4081,381570
42.0,42,42.03,42.0,5,4090,597339
42.0,42,42.09,42.0,5,4100,641502
42.0,42,42.05,42.0,5,4110,11794
42.0,42,42.03,42.0,5,4121,591069
42.0,42,42.0,42.0,5,4130,143079
42.0,42,42.09,42.0,5,4140,969098
42.0,42,42.08,42.0,5,4150,347643
42.0,42,42.08,42.0,5,4160,451890
42.0,42,42.03,42.0,5,4170,966532
42.0,42,42.05,42.0,5,4180,463927
42.0,42,42.04,42.0,5,4190,705195
42.0,42,42.09,42.0,5,4200,58813
42.0,42,42.11,42.0,5,4210,180107
42.0,42,42.07,42.0,5,4221,165243
42.0,42,42.02,42.0,5,4231,937737
42.0,42,42.11,42.0,5,4240,369797
42.0,42,42.05,42.0,5,4250,474581
42.0,42,42.14,42.0,5,4262,119338
42.0,42,42.13,42.0,5,4270,696353
42.0,42,42.09,42.0,5,4280,136684
42.0,42,42.05,42.0,5,4290,191841
42.0,42,42.03,42.0,5,4300,337519
42.0,42,42.02,42.0,5,4312,636
42.0,42,42.07,42.0,5,4321,144537
42.0,42,42.02,42.0,5,4332,153856
42.0,42,42.04,42.0,5,4340,247042
42.0,42,42.05,42.0,5,4353,903590
42.0,42,42.02,42.0,5,4362,443318
42.0,42,42.06,42.0,5,4370,245265
42.0,42,42.08,42.0,5,4380,321128
42.0,42,42.11,42.0,5,4390,417263
42.0,42,42.06,42.0,5,4401,213874
42.0,42,42.05,42.0,5,4411,321860
42.0,42,42.08,42.0,5,4421,427467
42.0,42,42.08,42.0,5,4430,845065
42.0,42,42.06,42.0,5,4440,206327
42.0,42,42.05,42.0,5,4450,293273
42.0,42,42.05,42.0,5,4461,931025
42.0,42,42.06,42.0,5,4470,482734
42.0,42,42.01,42.0,5,4480,651703
42.0,42,42.05,42.0,5,4490,724718
42.0,42,42.06,42.0,5,4500,768558
42.0,42,42.1,42.0,5,4510,73174
42.0,42,42.06,42.0,5,4522,50575
42.0,42,42.08,42.0,5,4532,616439
42.0,42,42.05,42.0,5,4540,390547
42.0,42,42.05,42.0,5,4550,466085
42.0,42,42.01,42.0,5,4560,537932
42.0,42,42.05,42.0,5,4570,900350
42.0,42,42.04,42.0,5,4580,770819
42.0,42,42.11,42.0,5,4593,182047
42.0,42,42.08,42.0,5,4600,618829
42.0,42,42.06,42.0,5,4610,261173
42.0,42,42.13,42.0,5,4621,180643
42.0,42,42.08,42.0,5,4632,526142
42.0,42,42.05,42.0,5,4640,512444
42.0,42,42.07,42.0,5,4651,359956
42.0,42,42.05,42.0,5,4661,455210
42.0,42,42.06,42.0,5,4673,137204
42.0,42,42.02,42.0,5,4680,115687
42.0,42,42.02,42.0,5,4690,291484
42.0,42,42.06,42.0,5,4701,189381
42.0,42,42.02,42.0,5,4711,661579
42.0,42,42.11,42.0,5,4720,701988
42.0,42,42.07,42.0,5,4730,755987
42.0,42,42.04,42.0,5,4740,58492
42.0,42,42.08,42.0,5,4750,318537
42.0,42,42.05,42.0,5,4760,369552
42.0,42,42.08,42.0,5,4771,219398
42.0,42,42.05,42.0,5,4781,344949
42.0,42,42.05,42.0,5,4791,474995
42.0,42,42.03,42.0,5,4800,705361
42.0,42,42.05,42.0,5,4810,20830
42.0,42,42.03,42.0,5,4820,26657
42.0,42,42.03,42.0,5,4830,158367
42.0,42,42.06,42.0,5,4840,337292
42.0,42,42.03,42.0,5,4850,473693
42.0,42,42.04,42.0,5,4861,297226
42.0,42,42.01,42.0,5,4870,609164
42.0,42,42.06,42.0,5,4880,680915
42.0,42,42.02,42.0,5,4890,793726
42.0,42,42.07,42.0,5,4900,13820
42.0,42,42.05,42.0,5,4910,93674
42.0,42,42.02,42.0,5,4920,242655
42.0,42,42.03,42.0,5,4933,325152
42.0,42,42.0,42.0,5,4940,312059
42.0,42,42.01,42.0,5,4950,416704
42.0,42,42.01,42.0,5,4961,332779
42.0,42,42.01,42.0,5,4970,233452
42.0,42,42.0,42.0,5,4980,696734
42.0,42,42.04,42.0,5,4990,101745
42.0,42,42.02,42.0,5,5000,202657
42.0,42,42.05,42.0,5,5012,583309
42.0,42,42.06,42.0,5,5024,158566
42.0,42,42.07,42.0,5,5031,912771
42.0,42,42.06,42.0,5,5040,406954
42.0,42,42.03,42.0,5,5050,583651
42.0,42,42.1,42.0,5,5061,458868
42.0,42,42.08,42.0,5,5070,7448
42.0,42,42.07,42.0,5,5080,124230
42.0,42,42.04,42.0,5,5090,228302
42.0,42,42.07,42.0,5,5102,511075
42.0,42,42.09,42.0,5,5111,137984
42.0,42,42.06,42.0,5,5120,496535
42.0,42,42.08,42.0,5,5130,642250
42.0,42,42.07,42.0,5,5140,766577
42.0,42,42.11,42.0,5,5150,109745
42.0,42,42.1,42.0,5,5160,957478
42.0,42,42.06,42.0,5,5170,265558
42.0,42,42.04,42.0,5,5180,371964
42.0,42,42.05,42.0,5,5190,527189
42.0,42,42.05,42.0,5,5201,434339
42.0,42,42.05,42.0,5,5210,769017
42.0,42,42.02,42.0,5,5220,754044
42.0,42,42.08,42.0,5,5230,829950
42.0,42,42.03,42.0,5,5240,91109
42.0,42,42.08,42.0,5,5250,240350
42.0,42,42.07,42.0,5,5260,239342
42.0,42,42.04,42.0,5,5272,948480
42.0,42,42.05,42.0,5,5280,86430
42.0,42,42.11,42.0,5,5290,358878
42.0,42,42.06,42.0,5,5300,508801
42.0,42,42.05,42.0,5,5310,539989
42.0,42,42.03,42.0,5,5320,664350
42.0,42,42.02,42.0,5,5331,530399
42.0,42,42.02,42.0,5,5342,249336
42.0,42,42.05,42.0,5,5351,125794
42.0,42,42.05,42.0,5,5360,386357
42.0,42,42.04,42.0,5,5371,227828
42.0,42,42.03,42.0,5,5380,587022
42.0,42,42.03,42.0,5,5390,670037
42.0,42,42.04,42.0,5,5400,4666
42.0,42,42.02,42.0,5,5410,846232
42.0,42,42.0,42.0,5,5420,135957
42.0,42,42.01,42.0,5,5430,248720
42.0,42,42.01,42.0,5,5440,361634
42.0,42,42.11,42.0,5,5450,465848
42.0,42,42.07,42.0,5,5460,504380
42.0,42,42.05,42.0,5,5472,124932
42.0,42,42.02,42.0,5,5482,162161
42.0,42,42.06,42.0,5,5492,108389
42.0,42,42.05,42.0,5,5500,647499
42.0,42,42.06,42.0,5,5510,354085
42.0,42,42.06,42.0,5,5520,420334
42.0,42,42.06,42.0,5,5530,188537
42.0,42,42.06,42.0,5,5541,78525
42.0,42,42.03,42.0,5,5550,465948
42.0,42,42.05,42.0,5,5560,700310
42.0,42,42.11,42.0,5,5570,706816
42.0,42,42.07,42.0,5,5582,147716
42.0,42,42.02,42.0,5,5590,158080
42.0,42,42.07,42.0,5,5600,329339
42.0,42,42.08,42.0,5,5610,453094
42.0,42,42.02,42.0,5,5621,488503
42.0,42,42.03,42.0,5,5632,296834
42.0,42,42.12,42.0,5,5640,671627
42.0,42,42.11,42.0,5,5650,80086
42.0,42,42.07,42.0,5,5660,135031
42.0,42,42.08,42.0,5,5670,77139
42.0,42,42.05,42.0,5,5680,209861
42.0,42,42.08,42.0,5,5690,313267
42.0,42,42.03,42.0,5,5702,704798
42.0,42,42.05,42.0,5,5710,499655
42.0,42,42.05,42.0,5,5720,545555
42.0,42,42.05,42.0,5,5730,613507
42.0,42,42.0,42.0,5,5743,1849
42.0,42,42.03,42.0,5,5750,935289
42.0,42,42.06,42.0,5,5760,135240
42.0,42,42.03,42.0,5,5770,768062
42.0,42,42.01,42.0,5,5782,601039
42.0,42,42.08,42.0,5,5790,378081
42.0,42,42.07,42.0,5,5800,480643
42.0,42,42.1,42.0,5,5812,120368
42.0,42,42.04,42.0,5,5821,495689
42.0,42,42.08,42.0,5,5830,30355
42.1,42,42.08,42.0,5,5840,171860
42.0,42,42.06,42.0,5,5851,71754
42.1,42,42.04,42.0,5,5860,848275
42.1,42,42.05,42.0,5,5871,275850
42.0,42,42.06,42.0,5,5881,374134
42.0,42,42.09,42.0,5,5890,698558
42.0,42,42.05,42.0,5,5901,687465
42.0,42,42.05,42.0,5,5910,985597
42.1,42,42.03,42.0,5,5920,265969
42.0,42,42.05,42.0,5,5930,493152
42.1,42,42.02,42.0,5,5940,573730
42.0,42,42.08,42.0,5,5950,607729
42.0,42,42.06,42.0,5,5961,348340
42.0,42,42.06,42.0,5,5970,567910
42.0,42,42.03,42.0,5,5981,457566
42.0,42,42.06,42.0,5,5990,74557
42.1,42,42.05,42.0,5,6000,167972
42.0,42,42.02,42.0,5,6010,364115
42.0,42,42.0,42.0,5,6020,647016
42.0,42,42.01,42.0,5,6030,587641
42.0,42,42.0,42.0,5,6041,482336
42.0,42,42.05,42.0,5,6050,92173
42.0,42,42.1,42.0,5,6062,551199
42.0,42,42.1,42.0,5,6070,358604
42.0,42,42.07,42.0,5,6080,393429
42.0,42,42.07,42.0,5,6092,893627
42.0,42,42.07,42.0,5,6100,663208
42.0,42,42.1,42.0,5,6110,804442
42.0,42,42.09,42.0,5,6120,93193
42.0,42,42.1,42.0,5,6130,197845
42.0,42,42.08,42.0,5,6140,244564
42.1,42,42.05,42.0,5,6152,688717
42.1,42,42.04,42.0,5,6160,422616
42.1,42,42.01,42.0,5,6170,550506
42.0,42,42.03,42.0,5,6180,27116
42.1,42,42.04,42.0,5,6192,324237
42.1,42,42.05,42.0,5,6200,856235
42.1,42,42.05,42.0,5,6210,148729
42.0,42,42.03,42.0,5,6220,211869
42.0,42,42.03,42.0,5,6230,271335
42.1,42,42.03,42.0,5,6241,200212
42.0,42,42.05,42.0,5,6250,501204
42.0,42,42.05,42.0,5,6262,141720
42.0,42,42.04,42.0,5,6270,160634
42.0,42,42.04,42.0,5,6280,96905
42.0,42,42.02,42.0,5,6290,194808
42.0,42,42.01,42.0,5,6301,719432
42.0,42,42.04,42.0,5,6311,91116
42.0,42,42.03,42.0,5,6320,463691
42.0,42,42.04,42.0,5,6332,908465
42.0,42,42.03,42.0,5,6340,80435
42.0,42,42.07,42.0,5,6351,716970
42.0,42,42.06,42.0,5,6360,228531
42.0,42,42.04,42.0,5,6370,309223
42.0,42,42.03,42.0,5,6380,551309
42.0,42,42.02,42.0,5,6391,229095
42.0,42,42.02,42.0,5,6401,110168
42.0,42,42.03,42.0,5,6411,923212
42.0,42,42.04,42.0,5,6421,879624
42.0,42,42.05,42.0,5,6431,123568
42.0,42,42.06,42.0,5,6440,470947
42.0,42,42.04,42.0,5,6450,623077
42.0,42,42.06,42.0,5,6460,676287
42.0,42,42.05,42.0,5,6470,15296
42.0,42,42.08,42.0,5,6480,121915
42.0,42,42.04,42.0,5,6491,74345
42.0,42,42.08,42.0,5,6501,248674
42.0,42,42.06,42.0,5,6511,369064
42.0,42,42.05,42.0,5,6520,129544
42.0,42,42.05,42.0,5,6530,57420
42.0,42,42.02,42.0,5,6540,908050
42.0,42,42.02,42.0,5,6550,184783
42.0,42,42.05,42.0,5,6560,240092
42.0,42,42.03,42.0,5,6570,180795
42.0,42,42.03,42.0,5,6581,871240
42.0,42,42.03,42.0,5,6591,179970
42.0,42,42.03,42.0,5,6602,100298
42.0,42,42.03,42.0,5,6610,357343
42.0,42,42.03,42.0,5,6620,718666
42.0,42,42.01,42.0,5,6631,626638
42.0,42,42.0,42.0,5,6640,199463
42.0,42,42.01,42.0,5,6650,348582
42.0,42,42.08,42.0,5,6660,461497
42.0,42,42.05,42.0,5,6670,549019
42.0,42,42.03,42.0,5,6680,739603
42.0,42,42.04,42.0,5,6690,2148
42.0,42,42.11,42.0,5,6703,942254
42.0,42,42.09,42.0,5,6710,217770
42.0,42,42.08,42.0,5,6720,341788
42.0,42,42.08,42.0,5,6732,27669
42.0,42,42.06,42.0,5,6740,554852
42.0,42,42.03,42.0,5,6750,631439
42.0,42,42.05,42.0,5,6761,399909
42.0,42,42.04,42.0,5,6770,5056
42.0,42,42.05,42.0,5,6780,184290
42.0,42,42.02,42.0,5,6791,121959
42.0,42,42.01,42.0,5,6802,746403
42.0,42,42.0,42.0,5,6811,330942
42.0,42,42.0,42.0,5,6820,718774
42.0,42,42.0,42.0,5,6830,50481
42.0,42,42.04,42.0,5,6840,182112
42.0,42,42.03,42.0,5,6852,831900
42.0,42,42.01,42.0,5,6860,997512
42.0,42,42.0,42.0,5,6870,278372
42.0,42,42.07,42.0,5,6883,583242
42.0,42,42.08,42.0,5,6890,351325
42.0,42,42.02,42.0,5,6901,228466
42.0,42,42.05,42.0,5,6910,470614
42.0,42,42.03,42.0,5,6920,571868
42.0,42,42.13,42.0,5,6931,367603
42.0,42,42.09,42.0,5,6940,668866
42.0,42,42.05,42.0,5,6950,445822
42.0,42,42.03,42.0,5,6960,726607
42.0,42,42.03,42.0,5,6971,548735
42.0,42,42.02,42.0,5,6980,182907
42.0,42,42.03,42.0,5,6992,613028
42.0,42,42.02,42.0,5,7002,549311
42.0,42,42.06,42.0,5,7010,319368
42.0,42,42.05,42.0,5,7020,459950
42.0,42,42.01,42.0,5,7030,589803
42.0,42,42.03,42.0,5,7040,321701
42.0,42,42.04,42.0,5,7050,172536
42.0,42,42.06,42.0,5,7060,218864
42.0,42,42.06,42.0,5,7071,204162
42.0,42,42.06,42.0,5,7080,337527
42.0,42,42.07,42.0,5,7090,482301
42.0,42,42.04,42.0,5,7100,644446
42.0,42,42.04,42.0,5,7110,745433
42.0,42,42.03,42.0,5,7120,54746
42.0,42,42.08,42.0,5,7130,135349
42.0,42,42.06,42.0,5,7140,132833
42.0,42,42.05,42.0,5,7150,295157
42.0,42,42.04,42.0,5,7161,153252
42.0,42,42.01,42.0,5,7172,55728
42.0,42,42.04,42.0,5,7183,732589
42.0,42,42.04,42.0,5,7190,725147
42.0,42,42.04,42.0,5,7200,97312
42.0,42,42.02,42.0,5,7210,98817
42.0,42,42.01,42.0,5,7221,6626
42.0,42,42.02,42.0,5,7230,323219
42.0,42,42.1,42.0,5,7240,390659
42.0,42,42.04,42.0,5,7250,548150
42.0,42,42.03,42.0,5,7261,349630
42.0,42,42.12,42.0,5,7270,740323
42.0,42,42.08,42.0,5,7281,549544
42.0,42,42.04,42.0,5,7291,679871
42.0,42,42.04,42.0,5,7300,964244
42.0,42,42.02,42.0,5,7310,830989
42.0,42,42.05,42.0,5,7320,669287
42.0,42,42.03,42.0,5,7331,903539
42.0,42,42.1,42.0,5,7342,61571
42.0,42,42.08,42.0,5,7350,563894
42.0,42,42.02,42.0,5,7360,379544
42.0,42,42.0,42.0,5,7370,41324
42.0,42,42.0,42.0,5,7381,725276
42.0,42,42.0,42.0,5,7390,327170
42.0,42,42.08,42.0,5,7401,231167
42.0,42,42.05,42.0,5,7411,294433
42.0,42,42.02,42.0,5,7421,462138
42.0,42,42.0,42.0,5,7430,752871
42.0,42,42.01,42.0,5,7440,30140
42.0,42,42.03,42.0,5,7450,103445
42.0,42,42.02,42.0,5,7462,611297
42.0,42,42.02,42.0,5,7470,393219
42.0,42,42.04,42.0,5,7481,50079
42.0,42,42.02,42.0,5,7490,24329
41.9,42,42.02,42.0,5,7509,643222
41.9,42,42.07,43.81,5,7510,428707
42.0,42,42.59,43.81,5,7520,529330
42.0,42,42.94,43.81,5,7531,404230
42.0,42,43.15,43.81,5,7540,86348
42.0,42,43.37,43.81,5,7550,212131
42.0,42,43.57,43.81,5,7560,353435
42.1,42,43.55,43.81,5,7570,568347
42.1,42,43.65,43.81,5,7581,419109
42.2,42,43.77,42.0,5,7603,798550
42.3,42,43.71,42.0,5,7605,346307
42.3,42,43.56,42.0,5,7612,334125
42.3,42,43.44,42.0,5,7620,119132
42.3,42,43.31,42.0,5,7632,640847
42.4,42,43.27,42.0,5,7642,471903
42.5,42,43.27,42.0,5,7650,450944
42.5,42,43.22,42.0,5,7660,226105
42.5,42,43.2,42.0,5,7673,733985
42.5,42,43.18,42.0,5,7680,27865
42.6,42,43.15,42.0,5,7704,86030
42.6,42,43.15,42.0,5,7704,203731
42.6,42,43.26,41.43,5,7710,675711
42.6,42,43.23,41.43,5,7720,21871
42.6,42,43.14,41.43,5,7730,998869
42.6,42,43.12,41.43,5,7740,405967
42.7,42,43.09,41.43,5,7750,342377
42.7,42,43.07,41.43,5,7761,414739
42.7,42,43.05,41.43,5,7770,712142
42.7,42,43.03,41.43,5,7795,475326
42.7,42,43.04,41.87,5,7796,261759
42.7,42,43.21,41.87,5,7801,713889
42.8,42,43.23,41.87,5,7810,993749
42.8,42,43.14,41.87,5,7820,382091
42.8,42,43.1,41.87,5,7830,469870
42.8,42,43.06,41.87,5,7840,566945
42.8,42,43.05,41.87,5,7850,602184
42.8,42,43.02,41.87,5,7861,541751
42.8,42,42.99,41.87,5,7870,72320
42.8,42,42.98,41.87,5,7880,165255
42.8,42,42.98,41.87,5,7891,72350
42.8,42,42.97,41.87,5,7902,696586
42.8,42,42.98,41.87,5,7910,494479
42.8,42,42.94,41.87,5,7920,595099
42.8,42,42.93,41.87,5,7931,472872
42.8,42,42.93,41.87,5,7941,558359
42.8,42,42.92,41.87,5,7950,117944
42.8,42,42.91,41.87,5,7960,238298
42.8,42,42.9,41.87,5,7971,776401
42.8,42,42.9,41.87,5,7990,282184
42.8,42,42.92,41.67,5,7991,71534
42.8,42,42.98,41.67,5,8000,403936
42.8,42,42.92,41.67,5,8010,507729
42.8,42,42.92,41.67,5,8021,220898
42.8,42,42.86,41.67,5,8030,825626
42.8,42,42.86,41.67,5,8040,100060
42.8,42,42.85,41.67,5,8050,248907
42.8,42,42.85,41.67,5,8060,369603
42.8,42,42.82,41.67,5,8071,255328
42.8,42,42.81,41.67,5,8080,632303
42.8,42,42.81,41.67,5,8091,501560
42.8,42,42.79,41.67,5,8101,380876
42.8,42,42.77,41.67,5,8111,140501
42.8,42,42.77,41.67,5,8120,193045
42.8,42,42.75,41.67,5,8130,445055
42.8,42,42.75,41.67,5,8140,37021
42.8,42,42.76,41.67,5,8150,614044
42.8,42,42.73,41.67,5,8176,663114
42.8,42,42.77,41.47,5,8177,338544
42.8,42,42.8,41.47,5,8180,390779
42.8,42,42.82,41.47,5,8190,449183
42.8,42,42.77,41.47,5,8202,72755
42.8,42,42.75,41.47,5,8210,744636
42.8,42,42.7,41.47,5,8220,97286
42.8,42,42.7,41.47,5,8233,210538
42.8,42,42.68,41.47,5,8240,140805
42.8,42,42.69,41.47,5,8251,87905
42.7,42,42.68,41.47,5,8260,332191
42.7,42,42.68,41.47,5,8279,8671
42.7,42,42.68,41.88,5,8280,401894
42.7,42,42.92,41.88,5,8290,481697
42.7,42,42.81,41.88,5,8300,508023
42.7,42,42.75,41.88,5,8311,322916
42.7,42,42.7,41.88,5,8320,536696
42.7,42,42.7,41.88,5,8332,104154
42.7,42,42.68,41.88,5,8341,435008
42.7,42,42.69,41.88,5,8351,452429
42.7,42,42.69,41.88,5,8370,346350
42.7,42,42.71,41.28,5,8372,83649
42.7,42,42.76,41.28,5,8380,676465
42.7,42,42.74,41.28,5,8390,792524
42.7,42,42.68,41.28,5,8400,151488
42.7,42,42.64,41.28,5,8410,243913
42.7,42,42.63,41.28,5,8420,355858
42.7,42,42.63,41.28,5,8431,198476
42.6,42,42.63,41.28,5,8440,531812
42.6,42,42.65,40.17,5,8463,931902
42.6,42,42.65,40.17,5,8464,714428
42.6,42,42.73,40.17,5,8470,140778
42.6,42,42.68,40.17,5,8480,357231
42.6,42,42.65,40.17,5,8490,458313
42.6,42,42.62,40.17,5,8501,261801
42.6,42,42.59,40.17,5,8510,617923
42.6,42,42.6,40.17,5,8520,606681
42.6,42,42.6,40.17,5,8530,75846
42.6,42,42.57,40.17,5,8554,146525
42.6,42,42.57,41.12,5,8554,929078
42.6,42,42.77,41.12,5,8560,332564
42.6,42,42.74,41.12,5,8571,140948
42.6,42,42.67,41.12,5,8582,32340
42.6,42,42.65,41.12,5,8592,186061
42.6,42,42.6,41.12,5,8604,493909
42.6,42,42.61,41.12,5,8610,51471
42.6,42,42.61,41.12,5,8620,49128
42.6,42,42.59,41.12,5,8632,472775
42.6,42,42.6,41.12,5,8641,25455
42.6,42,42.59,41.12,5,8651,66975
42.6,42,42.58,41.12,5,8661,196989
42.6,42,42.54,41.12,5,8672,865568
42.6,42,42.57,41.12,5,8680,11843
42.6,42,42.53,41.12,5,8690,132131
42.6,42,42.52,41.12,5,8700,167899
42.6,42,42.51,41.12,5,8711,43335
42.6,42,42.48,41.12,5,8720,265945
42.6,42,42.49,41.12,5,8730,298441
42.6,42,42.5,41.12,5,8740,454814
42.6,42,42.49,41.12,5,8751,386390
42.6,42,42.49,41.12,5,8760,639626
42.6,42,42.48,41.12,5,8770,715662
42.5,42,42.47,41.12,5,8791,238373
42.5,42,42.51,41.68,5,8792,20862
42.5,42,42.7,41.68,5,8801,482701
42.5,42,42.64,41.68,5,8810,120237
42.5,42,42.54,41.68,5,8820,232187
42.5,42,42.54,41.68,5,8830,137376
42.5,42,42.51,41.68,5,8841,154585
42.5,42,42.49,41.68,5,8850,489429
42.5,42,42.46,41.68,5,8860,692260
42.5,42,42.47,40.86,5,8884,574526
42.5,42,42.47,40.86,5,8885,357772
42.5,42,42.58,40.86,5,8891,530353
42.5,42,42.56,40.86,5,8900,37782
42.5,42,42.51,40.86,5,8910,138331
42.5,42,42.5,40.86,5,8920,205317
42.5,42,42.47,40.86,5,8932,665479
42.5,42,42.44,40.86,5,8940,459484
42.5,42,42.45,40.86,5,8950,555589
42.5,42,42.44,40.86,5,8960,18343
42.5,42,42.43,40.86,5,8970,927989
42.5,42,42.43,40.86,5,8980,282875
42.5,42,42.4,40.86,5,8990,345518
42.5,42,42.4,40.86,5,9001,121918
42.5,42,42.38,40.86,5,9012,794375
42.5,42,42.36,40.86,5,9020,561398
42.5,42,42.36,40.86,5,9030,576409
42.5,42,42.36,40.86,5,9040,598389
42.5,42,42.33,40.86,5,9052,247120
42.5,42,42.32,40.86,5,9060,827167
42.4,42,42.33,40.86,5,9083,521830
42.4,42,42.36,41.08,5,9083,890512
42.4,42,42.43,41.08,5,9091,624410
42.4,42,42.37,41.08,5,9100,269874
42.4,42,42.34,41.08,5,9110,381648
42.4,42,42.34,41.08,5,9121,257340
42.4,42,42.32,41.08,5,9130,600178
42.4,42,42.3,41.08,5,9142,237303
42.4,42,42.28,41.08,5,9152,337430
42.3,42,42.29,41.08,5,9175,638766
42.3,42,42.33,39.86,5,9178,312564
42.3,42,42.38,39.86,5,9181,793047
42.3,42,42.35,39.86,5,9191,152056
42.3,42,42.3,39.86,5,9200,478484
42.3,42,42.19,39.86,5,9212,151758
42.3,42,42.14,39.86,5,9221,453468
42.3,42,42.07,39.86,5,9232,299698
42.3,42,42.0,39.86,5,9240,114004
42.3,42,41.93,39.86,5,9265,480249
42.2,42,41.93,39.86,5,9265,959339
42.3,42,41.96,40.65,5,9270,357304
42.2,42,41.97,40.65,5,9281,477684
42.2,42,41.9,40.65,5,9290,13946
42.2,42,41.83,40.65,5,9300,761685
42.1,42,41.83,40.65,5,9310,920306
42.1,42,41.83,40.65,5,9320,126291
42.1,42,41.8,40.65,5,9330,222007
42.1,42,41.79,40.65,5,9340,306111
42.1,42,41.78,40.65,5,9350,722987
42.1,42,41.78,40.65,5,9360,445815
42.1,42,41.77,40.65,5,9370,452140
42.0,42,41.82,42.0,5,9397,26560
42.0,42,41.91,42.0,5,9397,816951
42.0,42,42.0,42.0,5,9400,146682
42.0,42,42.06,42.0,5,9412,554025
42.0,42,42.01,42.0,5,9420,310972
42.0,42,42.05,42.0,5,9430,443276
42.0,42,42.0,42.0,5,9440,486661
42.0,42,42.07,42.0,5,9451,414393
42.0,42,42.04,42.0,5,9460,768800
42.0,42,42.14,42.0,5,9470,693790
42.0,42,42.08,42.0,5,9483,19868
42.0,42,42.07,42.0,5,9490,767664
42.0,42,42.02,42.0,5,9501,675091
42.0,42,42.0,42.0,5,9512,524903
42.0,42,42.06,42.0,5,9520,383423
42.0,42,42.08,42.0,5,9530,532067
42.0,42,42.05,42.0,5,9542,38105
42.0,42,42.05,42.0,5,9550,776745
42.0,42,42.01,42.0,5,9563,504795
42.0,42,42.07,42.0,5,9570,607273
42.0,42,42.08,42.0,5,9580,159020
42.0,42,42.03,42.0,5,9590,148040
42.0,42,42.13,42.0,5,9603,271950
42.0,42,42.08,42.0,5,9611,29084
42.0,42,42.05,42.0,5,9620,318881
42.0,42,42.03,42.0,5,9634,294306
42.0,42,42.06,42.0,5,9640,539065
42.0,42,42.05,42.0,5,9651,382050
42.0,42,42.03,42.0,5,9660,703660
42.0,42,42.08,42.0,5,9670,733622
42.0,42,42.07,42.0,5,9680,36525
42.0,42,42.06,42.0,5,9690,132940
42.0,42,42.07,42.0,5,9700,981826
42.0,42,42.13,42.0,5,9710,369059
42.0,42,42.07,42.0,5,9721,182175
42.0,42,42.07,42.0,5,9731,311502
42.0,42,42.02,42.0,5,9740,695337
42.0,42,42.08,42.0,5,9750,21483
42.0,42,42.1,42.0,5,9760,264441
42.0,42,42.06,42.0,5,9770,82856
42.0,42,42.02,42.0,5,9782,27579
42.0,42,42.04,42.0,5,9795,985224
42.0,42,42.03,42.0,5,9801,415801
42.0,42,42.02,42.0,5,9810,610839
42.0,42,42.08,42.0,5,9820,716816
42.0,42,42.05,42.0,5,9831,618441
42.0,42,42.01,42.0,5,9840,138737
42.0,42,42.01,42.0,5,9850,312220
42.0,42,42.01,42.0,5,9860,352207
42.0,42,42.03,42.0,5,9871,975360
42.0,42,42.17,42.0,5,9881,301532
42.0,42,42.07,42.0,5,9892,168364
42.0,42,42.09,42.0,5,9900,134499
42.0,42,42.13,42.0,5,9910,31748
42.0,42,42.1,42.0,5,9920,174693
42.0,42,42.08,42.0,5,9934,710525
42.0,42,42.06,42.0,5,9940,117950
42.0,42,42.05,42.0,5,9950,287227
42.0,42,42.02,42.0,5,9960,313494
42.0,42,42.08,42.0,5,9970,479506
42.0,42,42.07,42.0,5,9980,461865
42.0,42,42.08,42.0,5,9991,393737
42.0,42,42.04,42.0,5,10001,411560
42.0,42,42.11,42.0,5,10011,529242
42.0,42,42.07,42.0,5,10021,477444
42.0,42,42.06,42.0,5,10030,635527
42.0,42,42.03,42.0,5,10040,658294
42.0,42,42.14,42.0,5,10051,151834
42.0,42,42.07,42.0,5,10061,575936
42.0,42,42.07,42.0,5,10070,153228
42.0,42,42.08,42.0,5,10080,268860
42.0,42,42.07,42.0,5,10091,161409
42.0,42,42.03,42.0,5,10100,485358
42.0,42,42.06,42.0,5,10111,303067
42.0,42,42.05,42.0,5,10121,300838
42.0,42,42.04,42.0,5,10130,594810
42.0,42,42.04,42.0,5,10140,651405
42.0,42,42.06,42.0,5,10150,25075
42.0,42,42.01,42.0,5,10160,166376
42.0,42,42.06,42.0,5,10172,105366
42.0,42,42.01,42.0,5,10183,464061
42.0,42,42.02,42.0,5,10190,491371
42.0,42,42.0,42.0,5,10201,320821
42.0,42,42.03,42.0,5,10212,180128
42.0,42,42.05,42.0,5,10220,744003
42.0,42,42.03,42.0,5,10233,182948
42.0,42,42.09,42.0,5,10240,989773
42.0,42,42.05,42.0,5,10251,695568
42.0,42,42.02,42.0,5,10260,408252
42.0,42,42.02,42.0,5,10270,577352
42.0,42,42.08,42.0,5,10280,510833
42.0,42,42.03,42.0,5,10292,224439
42.0,42,42.06,42.0,5,10300,829928
42.0,42,42.08,42.0,5,10311,712808
42.0,42,42.07,42.0,5,10320,342334
42.0,42,42.13,42.0,5,10330,487852
42.0,42,42.17,42.0,5,10340,638630
42.0,42,42.18,42.0,5,10351,388989
42.0,42,42.15,42.0,5,10361,534535
42.0,42,42.09,42.0,5,10370,823983
42.0,42,42.07,42.0,5,10380,162789
42.0,42,42.07,42.0,5,10391,52342
42.0,42,42.07,42.0,5,10400,420092
42.0,42,42.07,42.0,5,10410,512544
42.0,42,42.07,42.0,5,10422,906466
42.0,42,42.1,42.0,5,10431,106651
42.0,42,42.13,42.0,5,10441,517400
42.0,42,42.1,42.0,5,10450,21215
42.0,42,42.06,42.0,5,10460,886872
42.0,42,42.11,42.0,5,10470,119295
42.0,42,42.1,42.0,5,10480,985095
42.0,42,42.06,42.0,5,10492,15033
42.0,42,42.05,42.0,5,10501,369841
42.0,42,42.0,42.0,5,10510,696548
42.0,42,42.0,42.0,5,10520,51211
42.0,42,42.08,42.0,5,10530,73869
42.0,42,42.08,42.0,5,10540,288780
42.0,42,42.1,42.0,5,10553,158680
42.0,42,42.1,42.0,5,10560,951728
42.0,42,42.07,42.0,5,10571,90294
42.0,42,42.06,42.0,5,10580,445222
42.0,42,42.04,42.0,5,10591,251428
42.0,42,42.06,42.0,5,10600,273058
42.0,42,42.1,42.0,5,10611,57202
42.0,42,42.07,42.0,5,10620,727354
42.0,42,42.03,42.0,5,10630,41527
42.0,42,42.08,42.0,5,10640,951768
42.0,42,42.15,42.0,5,10650,877581
42.0,42,42.12,42.0,5,10660,249152
42.0,42,42.09,42.0,5,10670,363156
42.0,42,42.06,42.0,5,10680,487294
42.0,42,42.11,42.0,5,10690,364804
42.0,42,42.07,42.0,5,10700,561164
42.0,42,42.06,42.0,5,10710,598051
42.0,42,42.05,42.0,5,10721,490234
42.0,42,42.06,42.0,5,10730,54203
42.0,42,42.02,42.0,5,10740,79962
42.0,42,42.11,42.0,5,10750,238690
42.0,42,42.1,42.0,5,10760,330712
42.0,42,42.09,42.0,5,10770,458396
42.0,42,42.07,42.0,5,10781,58552
42.0,42,42.04,42.0,5,10790,634818
42.0,42,42.06,42.0,5,10801,443860
42.0,42,42.06,42.0,5,10810,25243
42.0,42,42.03,42.0,5,10820,641223
42.0,42,42.09,42.0,5,10830,995585
42.0,42,42.07,42.0,5,10840,227368
42.0,42,42.08,42.0,5,10850,296086
42.0,42,42.04,42.0,5,10861,215104
42.0,42,42.09,42.0,5,10870,573812
42.0,42,42.1,42.0,5,10880,661614
42.0,42,42.06,42.0,5,10890,410272
42.0,42,42.09,42.0,5,10901,469319
42.0,42,42.05,42.0,5,10911,589847
42.0,42,42.04,42.0,5,10920,77592
42.0,42,42.07,42.0,5,10930,829088
42.0,42,42.03,42.0,5,10940,854443
42.0,42,42.03,42.0,5,10950,110484
42.0,42,42.1,42.0,5,10960,224792
42.0,42,42.05,42.0,5,10971,887673
42.0,42,42.05,42.0,5,10980,442945
42.0,42,42.01,42.0,5,10990,499811
42.0,42,42.03,42.0,5,11002,91286
42.0,42,42.08,42.0,5,11011,458463
42.0,42,42.06,42.0,5,11020,783857
42.0,42,42.05,42.0,5,11030,864850
42.0,42,42.02,42.0,5,11040,195878
42.0,42,42.03,42.0,5,11050,225264
42.0,42,42.06,42.0,5,11060,366390
42.0,42,42.05,42.0,5,11072,11530
42.0,42,42.04,42.0,5,11080,614274
42.0,42,42.06,42.0,5,11091,490437
42.0,42,42.04,42.0,5,11100,158901
42.0,42,42.08,42.0,5,11111,89423
42.0,42,42.03,42.0,5,11120,458281
42.0,42,42.11,42.0,5,11130,594557
42.0,42,42.04,42.0,5,11141,404191
42.0,42,42.07,42.0,5,11150,806874
42.0,42,42.07,42.0,5,11160,68621
42.0,42,42.06,42.0,5,11170,91000
42.0,42,42.05,42.0,5,11180,165974
42.0,42,42.05,42.0,5,11190,291675
42.0,42,42.07,42.0,5,11201,206554
42.0,42,42.05,42.0,5,11210,533967
42.0,42,42.06,42.0,5,11222,217377
42.0,42,42.01,42.0,5,11230,168509
42.0,42,42.07,42.0,5,11240,984773
42.0,42,42.06,42.0,5,11251,69234
42.0,42,42.1,42.0,5,11260,465865
42.0,42,42.06,42.0,5,11272,120943
42.0,42,42.03,42.0,5,11280,637855
42.0,42,42.04,42.0,5,11290,103658
42.0,42,42.05,42.0,5,11300,935081
42.0,42,42.06,42.0,5,11311,802274
42.0,42,42.11,42.0,5,11321,201787
42.0,42,42.08,42.0,5,11330,547840
42.0,42,42.03,42.0,5,11342,247692
42.0,42,42.1,42.0,5,11350,786453
42.0,42,42.08,42.0,5,11360,100900
42.0,42,42.05,42.0,5,11370,257610
42.0,42,42.1,42.0,5,11381,124770
42.0,42,42.05,42.0,5,11390,397319
42.0,42,42.16,42.0,5,11400,502906
42.0,42,42.14,42.0,5,11410,660580
42.0,42,42.1,42.0,5,11420,804218
42.0,42,42.09,42.0,5,11430,29887
42.0,42,42.07,42.0,5,11441,797321
42.0,42,42.05,42.0,5,11450,45462
42.0,42,42.05,42.0,5,11461,984077
42.0,42,42.05,42.0,5,11470,458829
42.0,42,42.05,42.0,5,11481,361305
42.0,42,42.02,42.0,5,11491,454446
42.0,42,42.02,42.0,5,11501,521796
42.0,42,42.01,42.0,5,11512,396552
42.0,42,42.02,42.0,5,11520,133542
42.0,42,42.01,42.0,5,11533,313326
42.0,42,42.02,42.0,5,11540,238604
42.0,42,42.0,42.0,5,11550,351553
42.0,42,42.0,42.0,5,11561,181293
42.0,42,42.07,42.0,5,11570,490556
42.0,42,42.06,42.0,5,11580,641032
42.0,42,42.08,42.0,5,11590,397813
42.0,42,42.05,42.0,5,11600,886300
42.0,42,42.08,42.0,5,11611,815073
42.0,42,42.07,42.0,5,11621,969748
42.0,42,42.02,42.0,5,11631,314214
42.0,42,42.08,42.0,5,11642,397119
42.0,42,42.07,42.0,5,11651,465231
42.0,42,42.03,42.0,5,11660,182439
42.0,42,42.13,42.0,5,11670,368032
42.0,42,42.1,42.0,5,11680,513605
42.0,42,42.06,42.0,5,11690,150593
42.0,42,42.04,42.0,5,11700,775853
42.0,42,42.07,42.0,5,11713,554924
42.0,42,42.1,42.0,5,11720,137925
42.0,42,42.07,42.0,5,11730,305792
42.0,42,42.07,42.0,5,11740,468707
42.0,42,42.06,42.0,5,11750,8345
42.0,42,42.07,42.0,5,11762,249800
42.0,42,42.07,42.0,5,11770,29120
42.0,42,42.06,42.0,5,11783,216095
42.0,42,42.05,42.0,5,11790,973859
42.0,42,42.04,42.0,5,11800,247777
42.0,42,42.05,42.0,5,11812,93496
42.0,42,42.03,42.0,5,11823,569842
42.0,42,42.04,42.0,5,11831,949490
42.0,42,42.05,42.0,5,11841,976091
42.0,42,42.05,42.0,5,11851,190946
42.0,42,42.04,42.0,5,11860,483043
42.0,42,42.03,42.0,5,11871,252457
42.0,42,42.06,42.0,5,11880,591067
42.0,42,42.04,42.0,5,11890,749171
42.0,42,42.13,42.0,5,11901,189290
42.0,42,42.08,42.0,5,11911,25677
42.0,42,42.11,42.0,5,11921,172307
42.0,42,42.1,42.0,5,11930,515802
42.0,42,42.07,42.0,5,11940,497914
42.0,42,42.07,42.0,5,11950,705225
42.0,42,42.05,42.0,5,11960,10692
42.0,42,42.05,42.0,5,11970,900628
42.0,42,42.05,42.0,5,11980,48489
42.0,42,42.08,42.0,5,11991,32572
42.0,42,42.06,42.0,5,12000,383841
42.0,42,42.04,42.0,5,12011,139678
42.0,42,42.05,42.0,5,12020,467895
42.0,42,42.03,42.0,5,12032,81243
42.0,42,42.0,42.0,5,12042,90029
42.0,42,42.09,42.0,5,12051,510848
42.0,42,42.08,42.0,5,12060,54909
42.0,42,42.05,42.0,5,12070,941694
42.0,42,42.1,42.0,5,12080,59586
42.0,42,42.09,42.0,5,12090,309949
42.0,42,42.05,42.0,5,12101,168048
42.0,42,42.07,42.0,5,12111,257008
42.0,42,42.13,42.0,5,12125,43817
42.0,42,42.12,42.0,5,12132,819299
42.0,42,42.08,42.0,5,12140,624323
42.0,42,42.1,42.0,5,12151,506215
42.0,42,42.08,42.0,5,12161,577386
42.0,42,42.06,42.0,5,12170,105525
42.0,42,42.11,42.0,5,12180,213997
42.0,42,42.09,42.0,5,12190,379909
42.0,42,42.08,42.0,5,12200,628193
42.0,42,42.05,42.0,5,12211,540102
42.0,42,42.05,42.0,5,12220,153260
42.0,42,42.03,42.0,5,12235,692597
42.0,42,42.05,42.0,5,12240,359111
42.0,42,42.06,42.0,5,12250,462545
42.0,42,42.09,42.0,5,12261,323847
42.0,42,42.05,42.0,5,12270,643878
42.0,42,42.05,42.0,5,12280,55040
42.0,42,42.04,42.0,5,12290,950538
42.0,42,42.03,42.0,5,12300,270610
42.0,42,42.02,42.0,5,12310,400974
42.0,42,42.03,42.0,5,12321,239815
42.0,42,42.03,42.0,5,12330,565250
42.0,42,42.02,42.0,5,12341,442388
42.0,42,42.0,42.0,5,12351,522851
42.0,42,42.01,42.0,5,12360,38119
42.0,42,42.0,42.0,5,12370,166404
42.0,42,42.05,42.0,5,12380,325042
42.0,42,42.08,42.0,5,12391,162468
42.0,42,42.02,42.0,5,12400,500195
42.0,42,42.06,42.0,5,12411,288619
42.0,42,42.03,42.0,5,12422,848046
42.0,42,42.03,42.0,5,12432,47530
42.0,42,42.05,42.0,5,12441,291919
42.0,42,42.06,42.0,5,12450,19437
42.0,42,42.06,42.0,5,12460,161525
42.0,42,42.07,42.0,5,12470,384993
42.0,42,42.06,42.0,5,12481,243556
42.0,42,42.06,42.0,5,12490,576702
42.0,42,42.01,42.0,5,12500,717659
42.0,42,42.09,42.0,5,12510,938111
42.0,42,42.05,42.0,5,12523,229103
42.0,42,42.03,42.0,5,12530,264819
42.0,42,42.04,42.0,5,12540,377745
42.0,42,42.04,42.0,5,12550,424304
42.0,42,42.03,42.0,5,12560,321747
42.0,42,42.05,42.0,5,12570,535314
42.0,42,42.04,42.0,5,12582,987784
42.0,42,42.11,42.0,5,12591,546447
42.0,42,42.06,42.0,5,12600,71874
42.0,42,42.05,42.0,5,12610,254790
42.0,42,42.03,42.0,5,12620,399204
42.0,42,42.06,42.0,5,12632,79329
42.0,42,42.02,42.0,5,12640,725934
42.0,42,42.05,42.0,5,12650,822062
42.0,42,42.03,42.0,5,12660,927484
42.0,42,42.02,42.0,5,12670,265400
42.0,42,42.13,42.0,5,12680,308502
42.0,42,42.1,42.0,5,12691,510300
42.0,42,42.04,42.0,5,12701,790090
42.0,42,42.06,42.0,5,12711,133100
42.0,42,42.06,42.0,5,12721,209666
42.0,42,42.06,42.0,5,12730,560494
42.0,42,42.08,42.0,5,12740,721845
42.0,42,42.07,42.0,5,12753,955116
42.0,42,42.06,42.0,5,12760,160595
42.0,42,42.05,42.0,5,12771,10411
42.0,42,42.03,42.0,5,12780,370203
42.0,42,42.05,42.0,5,12790,19865
42.0,42,42.01,42.0,5,12800,586444
42.0,42,42.01,42.0,5,12810,641565
42.0,42,42.0,42.0,5,12821,548677
42.0,42,42.03,42.0,5,12830,37111
42.0,42,42.1,42.0,5,12840,181099
42.0,42,42.07,42.0,5,12850,273293
42.0,42,42.04,42.0,5,12861,174046
42.0,42,42.07,42.0,5,12871,272537
42.0,42,42.04,42.0,5,12880,583195
42.0,42,42.02,42.0,5,12890,674643
42.0,42,42.07,42.0,5,12900,701600
42.0,42,42.05,42.0,5,12910,48388
42.0,42,42.05,42.0,5,12920,185378
42.0,42,42.07,42.0,5,12930,638644
42.0,42,42.05,42.0,5,12941,255205
42.0,42,42.06,42.0,5,12950,199412
42.0,42,42.03,42.0,5,12960,702681
42.0,42,42.07,42.0,5,12971,420305
42.0,42,42.04,42.0,5,12981,497035
42.0,42,42.07,42.0,5,12991,626853
42.0,42,42.05,42.0,5,13003,934103
42.0,42,42.07,42.0,5,13010,917138
42.0,42,42.07,42.0,5,13020,149323
42.0,42,42.03,42.0,5,13030,146050
42.0,42,42.05,42.0,5,13042,548203
42.0,42,42.12,42.0,5,13050,323170
42.0,42,42.1,42.0,5,13060,619510
42.0,42,42.07,42.0,5,13071,428700
42.0,42,42.1,42.0,5,13080,18759
42.0,42,42.05,42.0,5,13093,248622
42.0,42,42.04,42.0,5,13101,762001
42.0,42,42.01,42.0,5,13110,346553
42.0,42,42.13,42.0,5,13121,917615
42.0,42,42.08,42.0,5,13131,227654
42.0,42,42.06,42.0,5,13142,889290
42.0,42,42.03,42.0,5,13150,638308
42.0,42,42.01,42.0,5,13160,730008
42.0,42,42.0,42.0,5,13170,60727
42.0,42,42.05,42.0,5,13180,184713
42.0,42,42.02,42.0,5,13190,215310
42.0,42,42.02,42.0,5,13201,838326
42.0,42,42.02,42.0,5,13211,7545
42.0,42,42.04,42.0,5,13221,900316
42.0,42,42.05,42.0,5,13230,439992
42.0,42,42.04,42.0,5,13241,338739
42.0,42,42.02,42.0,5,13251,442482
42.0,42,42.02,42.0,5,13262,269117
42.0,42,42.0,42.0,5,13273,59086
42.0,42,42.03,42.0,5,13280,5199
42.0,42,42.07,42.0,5,13290,179031
42.0,42,42.11,42.0,5,13301,55509
42.0,42,42.07,42.0,5,13311,939105
42.0,42,42.07,42.0,5,13320,517066
42.0,42,42.06,42.0,5,13330,186517
42.0,42,42.02,42.0,5,13340,610690
42.0,42,42.05,42.0,5,13351,473609
42.0,42,42.07,42.0,5,13360,4494
42.0,42,42.12,42.0,5,13370,80237
42.0,42,42.08,42.0,5,13380,340377
42.0,42,42.02,42.0,5,13391,264384
42.0,42,42.07,42.0,5,13401,340284
42.0,42,42.06,42.0,5,13412,250351
42.0,42,42.02,42.0,5,13420,33930
42.0,42,42.02,42.0,5,13430,122302
42.0,42,42.15,42.0,5,13441,30661
42.0,42,42.1,42.0,5,13451,174815
42.0,42,42.06,42.0,5,13460,513292
42.0,42,42.05,42.0,5,13476,61141
42.0,42,42.01,42.0,5,13480,762969
42.0,42,42.02,42.0,5,13490,64038
42.0,42,42.0,42.0,5,13500,905453
42.0,42,42.05,42.0,5,13510,220183
42.0,42,42.04,42.0,5,13521,139078
42.0,42,42.05,42.0,5,13530,481713
42.0,42,42.05,42.0,5,13542,76493
42.0,42,42.03,42.0,5,13552,169867
42.0,42,42.02,42.0,5,13560,689601
42.0,42,42.0,42.0,5,13570,39972
42.0,42,42.02,42.0,5,13581,693667
42.0,42,42.01,42.0,5,13590,246320
42.0,42,42.01,42.0,5,13600,382339
42.0,42,41.99,42.0,5,13611,985628
42.0,42,42.05,42.0,5,13620,25194
41.9,42,42.08,44.04,5,13642,649876
41.9,42,42.15,44.04,5,13643,433208
42.0,42,42.52,44.04,5,13651,958646
42.0,42,42.83,44.04,5,13660,479657
42.0,42,43.06,44.04,5,13670,555634
42.0,42,43.4,44.04,5,13681,442119
42.0,42,43.58,44.04,5,13690,11408
42.1,42,43.71,44.04,5,13702,21330
42.1,42,43.88,44.04,5,13710,52461
42.2,42,43.86,44.04,5,13733,487933
42.2,42,44.03,42.0,5,13734,273333
42.3,42,43.91,42.0,5,13740,401971
42.3,42,43.54,42.0,5,13755,904248
42.3,42,43.49,42.0,5,13762,130555
42.4,42,43.42,42.0,5,13771,452877
42.5,42,43.35,42.0,5,13786,975652
42.5,42,43.34,42.0,5,13790,87659
42.5,42,43.33,42.0,5,13801,761763
42.5,42,43.32,42.0,5,13810,104295
42.6,42,43.35,41.16,5,13834,328445
42.6,42,43.35,41.16,5,13835,113833
42.6,42,43.39,41.16,5,13840,344177
42.6,42,43.31,41.16,5,13851,493729
42.6,42,43.26,41.16,5,13861,224038
42.7,42,43.23,41.16,5,13870,150812
42.7,42,43.21,41.16,5,13881,782589
42.7,42,43.17,41.16,5,13890,314341
42.7,42,43.17,41.16,5,13900,426741
42.7,42,43.15,41.16,5,13923,60215
42.7,42,43.15,41.16,5,13923,489389
42.8,42,43.38,41.65,5,13930,84979
42.8,42,43.32,41.65,5,13940,211625
42.8,42,43.22,41.65,5,13951,104829
42.8,42,43.2,41.65,5,13960,423963
42.8,42,43.15,41.65,5,13970,116692
42.8,42,43.14,41.65,5,13980,638259
42.8,42,43.09,41.65,5,13990,772215
42.8,42,43.08,41.65,5,14003,87908
42.8,42,43.07,41.65,5,14010,852021
42.8,42,43.04,41.65,5,14020,229937
42.8,42,43.05,41.65,5,14030,292590
42.9,42,43.03,41.65,5,14050,415932
42.8,42,43.03,41.65,5,14051,29683
42.8,42,43.12,40.72,5,14060,417588
42.9,42,43.08,40.72,5,14072,840269
42.9,42,43.03,40.72,5,14083,666442
42.9,42,43.04,40.72,5,14092,267787
42.9,42,43.01,40.72,5,14100,815815
42.9,42,42.99,40.72,5,14110,960401
42.9,42,42.98,40.72,5,14121,668935
42.8,42,42.98,40.72,5,14142,644314
42.8,42,43.0,41.63,5,14143,428592
42.9,42,43.19,41.63,5,14150,543059
42.9,42,43.11,41.63,5,14160,507395
42.9,42,43.06,41.63,5,14170,494521
42.9,42,43.03,41.63,5,14180,593927
42.9,42,43.0,41.63,5,14190,714629
42.9,42,42.98,41.63,5,14200,819218
42.9,42,42.97,41.63,5,14212,439182
42.9,42,42.97,41.63,5,14220,258918
42.9,42,42.98,41.63,5,14230,408190
42.9,42,42.92,41.63,5,14240,553716
42.9,42,42.92,41.63,5,14252,213378
42.9,42,42.89,41.63,5,14260,758254
