400,,20.0,2,782205
400,,20.0,3,103886
50.0,0
215,20.0411286379,3,386729
80.0,
242.,20.10385797817,3,632054
400,
266.0,20.13121053209,3,862072
400,287.91,20.13121053209,4,72325
400,,20.13121053209,4,268828
400,,20.13121053209,4,452619
400,,20.13121053209,4,629278
362.0,320.00,20.133557030798,4,796760
378.3,10.000,20.1370509855962,4,956863
393.18,0.000,20.13864347272184,5,247287
96.83,.000
,20.17002837927284,5,398789
400,,20.18605359440198,5,554926
400,,20.18605359440198,5,705371
830.0,0
396,20.16350572697198,5,859226
30.0,
396.,20.16027715589198,6,13039
400,
396.8,20.18008750571198,6,164672
400,397.09,20.18008750571198,6,317136
400,,20.18008750571198,6,468708
400,,20.18008750571198,6,623719
400,,20.18008750571198,6,777965
396.0,830.00,20.18030278426798,6,928011
397.0,90.000,20.18066977172798,7,79258
397.09,0.000,20.18099436976664,7,365750
96.83,.000
,20.21073946750024,7,522059
400,,20.22719922922669,7,674728
400,,20.22719922922669,7,823782
670.0,0
398,20.21311891147669,7,976831
70.0,
398.,20.21631973705669,8,128296
400,
398.9,20.23376810722669,8,280805
400,398.94,20.23376810722669,8,432336
400,,20.23376810722669,8,585878
400,,20.23376810722669,8,737310
400,,20.23376810722669,8,889963
398.0,940.00,20.23387468903469,9,42599
398.9,40.000,20.23404021107949,9,197968
398.94,0.000,20.23415781841173,9,484508
98.94,.000
,20.26437383026321,9,636260
400,,20.28021638088635,9,786069
400,,20.28021638088635,9,939902
940.0,0
398,20.25121125612635,10,90108
40.0,
399.,20.24177676006635,10,244039
400,
398.9,20.26112444058635,10,397946
400,398.94,20.26112444058635,10,548323
400,,20.26112444058635,10,700726
400,,20.26112444058635,10,852074
400,,20.26112444058635,11,2429
398.0,940.00,20.26122945468635,11,155016
398.9,40.000,20.26139470950185,11,306446
398.94,0.000,20.26150877906297,11,599315
98.94,.000
,20.29240192582381,11,749440
400,,20.30814192818551,11,900745
400,,20.30814192818551,12,52275
270.0,0
400,20.31504166167551,12,205358
400,
401.,20.32199919654551,12,356920
400,
400.8,20.32199919654551,12,503417
400,401.07,20.32199919654551,12,655583
400,,20.32199919654551,12,806914
400,,20.32199919654551,12,917196
400,,20.32199919654551,13,111070
400,,20.32199919654551,13,257661
400,,20.32199919654551,13,409424
400.0,800.00,20.32199919654551,13,559219
400.8,00.000,20.32195745195751,13,713087
400.8,0.000,20.32187129195431,14,6280
1.07,.000
,20.36244086715217,14,150813
400,,20.3826968015949,14,303599
400,,20.3826968015949,14,453760
800.0,0
401,20.3617087791949,14,605259
70.0,
400.,20.3580105657949,14,757968
400,
401.0,20.3755942607149,14,908123
400,400.80,20.3755942607149,15,59554
400,,20.3755942607149,15,212107
400,,20.3755942607149,15,359878
400,,20.3755942607149,15,511122
401.0,070.00,20.3755414322359,15,661355
401.0,70.000,20.3754367559679,15,814074
400.8,0.000,20.3753405226381,16,100542
0.8,.000
,20.4151087839453,16,251966
400,,20.4361990273285,16,404516
400,,20.4361990273285,16,556012
230.0,0
403,20.4451809366985,16,702455
30.0,
402.,20.4727232349385,16,853941
400,
403.2,20.4922762286685,17,6429
400,403.23,20.4922762286685,17,154214
400,,20.4922762286685,17,306934
400,,20.4922762286685,17,455912
400,,20.4922762286685,17,604843
403.0,230.00,20.4921224034285,17,753596
403.2,30.000,20.4918005360147,17,905359
403.23,0.000,20.49145994453452,18,191647
3.23,.000
,20.53075393125868,18,343508
400,,20.55195895276723,18,494747
400,,20.55195895276723,18,644782
860.0,0
404,20.52774053052723,18,792449
60.0,
405.,20.52155464512723,18,945092
400,
405.1,20.53965955060723,19,92727
400,405.13,20.53965955060723,19,243006
400,,20.53965955060723,19,390553
400,,20.53965955060723,19,543214
400,,20.53965955060723,19,690879
404.0,860.00,20.53945323576723,19,843624
404.8,60.000,20.53898380591843,19,988622
404.86,0.000,20.53850002537111,20,271514
5.13,.000
,20.57682046455128,20,420386
400,,20.59733962941013,20,571714
