403.77,400,25.560,20.41360249012444,10,15110
401.34,400,25.560,20.39487035091376,20,52475
400.8,400,25.560,20.38576533077119,30,126941
400.8,400,25.500,20.380342375983588,40,66102
400.53,400,25.560,20.37615161555762,50,8264
400.53,400,25.560,20.37176512061404,60,103057
400.53,400,25.690,20.36848451491487,70,44814
400.53,400,25.880,20.36546368011697,80,145843
400.27,400,26.190,20.36274417757287,90,89141
400.8,400,26.190,20.3597695776912,100,34722
400.53,400,26.250,20.35632251419447,110,130039
400.53,400,26.500,20.35361406360089,120,75840
400.27,400,26.880,20.350676709344732,130,25801
400.27,400,26.880,20.347463104892412,140,120555
400.27,400,27.190,20.34528021738092,150,62937
400.53,400,27.500,20.34284568051575,160,13222
400.27,400,27.500,20.340134713115653,170,114020
400.27,400,27.810,20.33861715466367,180,68451
400.0,400,28.190,20.33759219717561,190,21428
400.27,400,28.500,20.33584980470817,200,120046
400.53,400,28.500,20.33291963752767,210,67240
400.53,400,28.880,20.33014608539545,220,12300
400.27,400,29.130,20.327301362297003,230,111505
400.53,400,29.440,20.324365997026742,240,53921
400.27,400,29.440,20.32190213196053,250,6310
400.0,400,29.810,20.320426717917933,260,108734
400.0,400,30.130,20.320367437762112,270,65621
400.27,400,30.130,20.319389739637902,280,13382
400.27,400,30.440,20.317657144856863,290,117095
400.0,400,30.750,20.316972491751113,300,69778
400.0,400,31.130,20.316386864153152,310,28293
400.0,400,31.130,20.31633104983955,320,130416
400.0,400,31.380,20.31642861379118,330,90789
400.0,400,31.690,20.316597308881164,340,45580
400.0,400,32.000,20.31682104770321,350,3719
399.73,400,32.000,20.317119972589914,360,109520
400.0,400,32.250,20.3176273138585,370,67637
400.0,400,32.560,20.31824957214746,380,28436
398.67,400,32.880,20.319143825603643,390,143252
400.0,400,32.880,20.319725227722493,400,97379
399.73,400,33.190,20.320077444263543,410,54778
400.0,400,33.440,20.321185173655824,420,19936
400.0,400,33.440,20.321498130237593,430,129922
400.0,400,33.750,20.32139633708651,440,83605
399.73,400,34.000,20.32217425305044,450,43279
400.0,400,34.310,20.322868054255874,460,7108
399.73,400,34.310,20.324419470262303,470,121128
399.73,400,34.630,20.32626534198707,480,82203
400.27,400,35.190,20.326644274652622,490,37185
400.0,400,35.310,20.32595919066449,500,144620
400.0,400,35.310,20.32564680549344,510,98158
400.0,400,35.380,20.325346348761983,520,52198
400.27,400,35.560,20.32491772641175,530,8813
400.27,400,35.560,20.323470448644454,540,111265
400.27,400,35.690,20.322048862344634,550,61780
400.0,400,35.810,20.321336946674613,560,17649
400.27,400,35.880,20.319330410953633,570,115105
400.27,400,35.880,20.31754417603476,580,67831
400.0,400,36.380,20.316292574107703,590,21974
400.27,400,36.690,20.31464891437893,600,123377
400.27,400,36.940,20.312725412772853,610,69640
400.27,400,36.940,20.310634971976064,620,19677
400.53,400,37.190,20.308311735821185,630,123251
400.53,400,37.440,20.305563605602803,640,68016
400.8,400,37.440,20.302331684649793,650,10249
400.8,400,37.690,20.300033699294055,660,109579
400.53,400,37.940,20.300169792318695,670,69829
400.27,400,38.190,20.300095298572323,680,27716
400.53,400,38.190,20.299977324025775,690,132366
400.53,400,38.440,20.300021187923253,700,88084
399.2,400,38.690,20.299983849610324,710,48959
399.2,400,38.940,20.299980524369737,720,5119
400.53,400,38.940,20.300029379560517,730,114142
399.73,400,39.130,20.300060391379436,740,69181
399.73,400,39.310,20.300211379476284,750,32716
400.53,400,39.310,20.300118354308044,760,135991
398.41,400,39.630,20.300105583989716,770,94763
400.27,400,39.880,20.299967931413207,780,51696
400.27,400,40.130,20.300131144100575,790,10598
400.27,400,40.130,20.299975920138376,800,119683
400.53,400,40.250,20.300006606985946,810,73386
398.94,400,40.380,20.300025994120915,820,28717
400.27,400,40.440,20.300043901328365,830,138278
400.27,400,40.440,20.299983243669544,840,95322
399.73,400,40.560,20.300072926565996,850,53704
400.27,400,40.690,20.300058672055368,860,4981
400.0,400,40.690,20.300117043949157,870,116861
400.27,400,40.880,20.300037701975057,880,74342
400.27,400,41.250,20.300004311930536,890,27893
400.27,400,41.500,20.300105415865946,900,134856
400.27,400,41.500,20.300061730747206,910,95734
400.0,400,41.750,20.30009070059854,920,47112
399.73,400,41.880,20.300153982346476,930,8216
400.0,400,42.060,20.300199723473078,940,112912
400.0,400,42.060,20.300199398191115,950,69207
400.0,400,42.250,20.30000940668838,960,29865
400.0,400,42.500,20.300246190725588,970,132921
400.0,400,42.500,20.300098478799928,980,88121
400.0,400,42.690,20.300567299217946,990,48604
400.0,400,42.880,20.301291023243635,1000,10345
399.73,400,43.130,20.303176049281895,1010,125585
400.0,400,43.130,20.302578332449578,1020,80886
400.0,400,43.250,20.303231193044347,1030,41822
400.27,400,43.500,20.302261351597668,1040,141909
400.27,400,43.690,20.301193470487927,1050,95700
398.67,400,43.690,20.300082999515677,1060,46550
400.53,400,43.880,20.300076827223826,1070,5561
400.53,400,44.060,20.300033069007036,1080,110428
399.47,400,44.310,20.300212060619586,1090,224124
400.53,400,44.310,20.29999798178599,1100,25423
400.0,400,44.380,20.300164085585866,1110,131278
400.27,400,44.500,20.30015295829323,1120,90368
400.53,400,44.500,20.300013584267237,1130,48243
400.27,400,44.750,20.300115161931757,1140,5324
398.67,400,44.940,20.300111592789026,1150,111481
400.27,400,45.130,20.30015322751881,1160,71905
400.27,400,45.130,20.29997472743088,1170,27853
399.73,400,45.250,20.300084342045388,1180,138005
399.2,400,45.440,20.30001576947839,1190,89114
399.2,400,45.630,20.30011885997066,1200,48644
400.27,400,45.630,20.299985800070118,1210,6979
400.27,400,45.810,20.300105833057057,1220,116910
400.27,400,45.940,20.30006594892873,1230,67711
400.27,400,45.940,20.30000698001809,1240,29106
400.27,400,46.190,20.300078773949316,1250,138464
400.27,400,46.310,20.29998432244251,1260,96717
398.94,400,46.500,20.300015003873597,1270,47041
400.53,400,46.500,20.3000358202927,1280,8599
400.0,400,46.630,20.30007953985425,1290,115908
400.53,400,46.810,20.300088380390697,1300,73063
400.8,400,46.940,20.300023997457018,1310,27286
400.53,400,46.940,20.30008673209511,1320,140230
399.2,400,47.130,20.300045074456968,1330,97218
400.27,400,47.250,20.300071142554778,1340,51370
399.47,400,47.250,20.29990590890613,1350,5681
398.94,400,47.440,20.30002189093839,1360,119163
398.94,400,47.500,20.300104365777297,1370,74790
398.94,400,47.690,20.30007641474422,1380,31974
398.94,400,47.690,20.30003915198979,1390,140596
400.8,400,47.810,20.29991669793401,1400,96410
400.27,400,47.940,20.30010251913803,1410,56807
400.8,400,48.000,20.299930990195968,1420,10822
399.47,400,48.000,20.30000317274219,1430,125423
399.2,400,48.130,20.29995781028757,1440,75865
400.27,400,48.190,20.30003104224189,1450,33709
401.07,400,48.190,20.29995769564107,1460,141898
399.47,400,48.310,20.299977720413,1470,101520
400.8,400,48.500,20.3000175021552,1480,59853
399.47,400,48.630,20.29991999302449,1490,16564
400.8,400,48.630,20.300032274019937,1500,125135
400.0,400,48.690,20.299957113104227,1510,85154
399.47,400,48.810,20.29994076378392,1520,41889
399.2,400,48.940,20.299897476968408,1530,1096
400.0,400,48.940,20.299953210687438,1540,102785
399.47,400,49.060,20.299896379160987,1550,63904
400.0,400,49.190,20.29994151799735,1560,22532
400.0,400,49.190,20.299949865337467,1570,127778
401.34,400,49.250,20.29990947107584,1580,86258
400.8,400,49.380,20.29999471830793,1590,48135
399.47,400,49.440,20.299984448424528,1600,905
400.53,400,49.440,20.300000759819007,1610,105706
400.53,400,49.560,20.300051302396867,1620,66661
400.53,400,49.690,20.3000222247534,1630,25169
399.47,400,49.880,20.299902396936577,1640,136648
400.53,400,49.880,20.30005232800317,1650,91013
399.73,400,50.000,20.299902689311327,1660,52369
399.73,400,50.000,20.29997466066718,1670,4628
401.34,400,50.000,20.299906095443138,1680,114052
399.47,400,50.060,20.300018987991287,1690,70161
399.2,400,50.130,20.29994216634512,1700,24983
400.53,400,50.250,20.300016280491167,1710,134809
400.27,400,50.250,20.299821843112326,1720,90298
399.73,400,50.380,20.299940740865086,1730,48070
399.47,400,50.500,20.299856021991076,1740,4386
399.47,400,50.690,20.299946553578746,1750,114266
399.2,400,50.690,20.300026199496948,1760,69748
401.07,400,50.750,20.299889142652965,1770,26651
399.47,400,50.880,20.299954193265528,1780,135897
400.27,400,50.880,20.299794790119066,1790,94747
399.47,400,51.000,20.300055935797648,1800,49109
399.73,400,51.130,20.300025227210867,1810,10314
399.47,400,51.250,20.299837477558487,1820,116313
399.2,400,51.250,20.299949294785286,1830,73481
399.73,400,51.310,20.299975226165838,1840,28577
401.07,400,51.500,20.299909244606248,1850,135659
399.47,400,51.560,20.300012109361827,1860,93819
399.47,400,51.560,20.300027632169865,1870,51027
399.47,400,51.690,20.299978668132965,1880,2347
400.0,400,51.810,20.299838162108024,1890,114008
400.53,400,52.060,20.299939888823467,1900,220215
399.47,400,52.060,20.300021443520386,1910,27947
400.53,400,52.130,20.299896161873587,1920,137339
400.0,400,52.250,20.299955299012694,1930,94762
400.0,400,52.250,20.299835175446297,1940,48786
401.07,400,52.310,20.299910496521594,1950,3166
399.73,400,52.440,20.299973728526567,1960,113645
399.2,400,52.630,20.300033008476476,1970,74230
400.0,400,52.630,20.299957402205354,1980,28362
399.47,400,52.690,20.299848583185206,1990,135523
400.0,400,52.810,20.299955852687233,2000,96408
398.41,400,52.940,20.299966629719986,2010,54124
401.34,400,52.940,20.299957046605765,2020,11891
399.47,400,53.000,20.299925814885434,2030,124227
399.73,400,53.130,20.300017137729395,2040,74591
399.47,400,53.130,20.299949345327466,2050,30207
401.34,400,53.250,20.299907285351654,2060,143628
399.2,400,53.310,20.299885873660706,2070,99249
399.73,400,53.380,20.299970507022735,2080,51798
399.73,400,53.380,20.299916569187904,2090,8406
399.73,400,53.500,20.299991403774655,2100,118620
399.47,400,53.630,20.300016826829726,2110,79456
401.07,400,53.690,20.300144470215365,2120,32481
399.73,400,53.690,20.299949282713374,2130,138195
399.47,400,53.810,20.300015671332606,2140,98746
399.73,400,53.880,20.299933938017485,2150,61584
400.8,400,53.880,20.300022510280765,2160,14185
400.0,400,53.940,20.299861914144113,2170,124795
400.8,400,54.000,20.300019036418522,2180,82675
399.73,400,54.130,20.299991188619643,2190,41619
399.47,400,54.130,20.300035198873765,2200,142548
400.8,400,54.250,20.300006708482123,2210,104168
399.47,400,54.380,20.299993432176613,2220,61643
401.34,400,54.500,20.299912176593633,2230,17880
399.47,400,54.500,20.299863031813125,2240,122159
399.47,400,54.560,20.299865849534424,2250,84618
399.47,400,54.690,20.299972119200312,2260,41579
399.73,400,54.690,20.29990891159393,2270,146315
399.73,400,54.810,20.299979864616642,2280,107011
399.73,400,54.880,20.299952537218644,2290,64406
399.47,400,54.940,20.29996137022018,2300,21909
401.07,400,54.940,20.299994503069154,2310,131392
401.34,400,55.061,20.299933859028314,2320,88840
399.2,400,55.191,20.29996097539299,2330,45257
400.8,400,52.131,20.300004427170332,2340,152820
401.07,400,52.131,20.29997264412423,2350,108489
401.07,400,50.251,20.299992683669334,2360,65636
400.0,400,49.131,20.299927838003534,2370,23710
399.2,400,49.131,20.299927993238732,2380,130330
400.8,400,48.191,20.299936851549752,2390,91890
399.2,400,47.501,20.300026418463034,2400,49229
401.07,400,46.941,20.299934213518082,2410,90
401.07,400,46.941,20.300026502317262,2420,112927
399.47,400,46.381,20.300015304774412,2430,70114
401.07,400,45.941,20.299984752260432,2440,29410
400.53,400,45.501,20.300112551003423,2450,135576
400.8,400,45.501,20.300030134178783,2460,95872
400.27,400,45.131,20.300114294802864,2470,55007
400.8,400,44.751,20.29993869421042,2480,5011
399.2,400,44.751,20.29992087317107,2490,118667
400.53,400,44.381,20.300097439537254,2500,72740
399.2,400,44.251,20.299974316075044,2510,34283
401.07,400,43.881,20.300038625603552,2520,135250
401.07,400,43.881,20.300023392744713,2530,95891
399.73,400,43.561,20.29989489920205,2540,52523
400.27,400,43.311,20.300039671532122,2550,9834
400.27,400,43.061,20.300054300481364,2560,116213
399.2,400,43.061,20.300017500082134,2570,76993
399.2,400,42.881,20.300051739746213,2580,32643
401.07,400,42.691,20.299971289232943,2590,139480
399.2,400,42.691,20.300070744321342,2600,101924
399.2,400,42.501,20.300044429124554,2610,57399
400.8,400,42.251,20.299919499273244,2620,9686
399.2,400,42.061,20.299990474754104,2630,121613
399.2,400,42.061,20.300066718592383,2640,79706
399.2,400,41.881,20.300083327931652,2650,33601
399.73,400,41.811,20.299938039954082,2660,148859
401.07,400,41.631,20.299923712582725,2670,101527
400.53,400,41.631,20.300086657468434,2680,58598
399.2,400,41.441,20.300010744499602,2690,14367
399.73,400,41.311,20.299934193733275,2700,125851
398.14,400,41.061,20.300016761891293,2710,231175
401.07,400,41.061,20.299935748325854,2720,35451
399.2,400,40.811,20.299936998297273,2730,147787
400.0,400,40.751,20.299892901229402,2740,106039
401.07,400,40.751,20.299927114488142,2750,63258
399.2,400,40.691,20.300077986793774,2760,18441
400.0,400,40.631,20.299942316704783,2770,125228
400.0,400,40.561,20.299815789417654,2780,78432
399.47,400,40.561,20.300033809578053,2790,40307
400.27,400,40.501,20.300047759680414,2800,146972
400.8,400,40.441,20.300005123397412,2810,104491
399.73,400,40.441,20.299982690302123,2820,59407
399.2,400,40.441,20.300005976451132,2830,23930
400.0,400,40.381,20.29990861295463,2840,126438
399.2,400,40.311,20.299935393717423,2850,81381
399.73,400,40.311,20.299949396340793,2860,38404
399.2,400,40.251,20.300071644476102,2870,151023
400.53,400,40.251,20.300047841280104,2880,109528
399.73,400,40.191,20.299926845890763,2890,64802
401.07,400,40.191,20.299977307727474,2900,21317
400.53,400,40.131,20.300054384391434,2910,131501
399.73,400,40.061,20.299853038327253,2920,81996
399.2,400,39.941,20.300243745760714,2930,47964
400.53,400,39.941,20.300050380251612,2940,1074
400.0,400,39.751,20.299859169688382,2950,107379
399.47,400,39.561,20.299991819203314,2960,66015
400.0,400,39.561,20.299879420762384,2970,25620
399.47,400,39.441,20.299847809532473,2980,134522
401.34,400,39.251,20.299925145210274,2990,87231
399.47,400,39.061,20.300039255007604,3000,48290
400.0,400,39.061,20.299838356382363,3010,5775
399.47,400,38.941,20.29991268220738,3020,112624
399.47,400,38.811,20.2999712788467,3030,73555
401.61,400,38.631,20.29993795097653,3040,29498
399.73,400,38.631,20.299930762072112,3050,137962
399.47,400,38.561,20.29989819514758,3060,97429
399.47,400,38.441,20.299946966239833,3070,53865
400.0,400,38.441,20.29988993531921,3080,10837
399.47,400,38.251,20.30004385205305,3090,121121
399.47,400,38.131,20.29984814575907,3100,75600
400.27,400,38.001,20.299833336593213,3110,34328
400.8,400,38.001,20.299998152904173,3120,143336
399.47,400,37.881,20.300020555039673,3130,101981
400.53,400,37.691,20.300034597215213,3140,60046
399.47,400,37.561,20.29976582467211,3150,14648
399.47,400,37.561,20.300041231761053,3160,126791
400.8,400,37.501,20.29997864605871,3170,85339
399.47,400,37.381,20.299989367562073,3180,35950
399.47,400,37.381,20.300011644378653,3190,149658
399.47,400,37.251,20.30005345373756,3200,107680
399.47,400,37.191,20.2998614169971,3210,64112
400.0,400,37.061,20.29983141660461,3220,20046
401.34,400,37.061,20.29991242123565,3230,128248
400.27,400,36.940,20.299908518469863,3240,83408
399.73,400,36.810,20.299931558416823,3250,40840
400.53,400,37.750,20.29981475714894,3260,2036
401.07,400,37.750,20.29997298580221,3270,111759
400.27,400,38.810,20.29991370198887,3280,67124
