193.24,0.000,20.29219159632164,5,789721
22.55,.000
,20.4252913403908,6,31239
400,,20.4573876305334,6,252760
400,,20.4573876305334,6,461516
680.0,0
312,20.4370906002134,6,654504
60.0,
331.,20.4411320830334,6,838918
400,
349.0,20.4632592065334,7,12887
400,365.85,20.4632592065334,7,174064
400,,20.4632592065334,7,333854
400,,20.4632592065334,7,486531
400,,20.4632592065334,7,636600
402.0,960.00,20.4631554962974,7,787957
402.9,60.000,20.462896135691,7,936666
402.96,0.000,20.4625926164636,8,221959
2.96,.000
,20.50182636768632,8,374615
400,,20.52315972114704,8,529356
400,,20.52315972114704,8,675596
860.0,0
404,20.49971975736704,8,826995
60.0,
403.,20.49337271772704,8,974593
400,
402.9,20.51085631944704,9,127255
400,404.31,20.51085631944704,9,277404
400,,20.51085631944704,9,425007
400,,20.51085631944704,9,577517
400,,20.51085631944704,9,725208
404.0,860.00,20.51065015816704,9,875386
404.8,60.000,20.51018851995264,10,22960
404.86,0.000,20.509692673379462,10,309633
4.86,.000
,20.54874015771818,10,456962
400,,20.5690164380617,10,609880
400,,20.5690164380617,10,757238
590.0,0
404,20.5592330606617,10,907357
90.0,
404.,20.5655200443817,11,59487
400,
404.5,20.5820328677017,11,206304
400,404.86,20.5820328677017,11,355423
400,,20.5820328677017,11,504579
400,,20.5820328677017,11,654849
400,,20.5820328677017,11,802578
404.0,860.00,20.5818265514657,11,954612
404.8,60.000,20.5813519190041,12,104780
404.86,0.000,20.58084514254664,12,391162
5.13,.000
,20.61978884539752,12,538971
400,,20.64014043374629,12,689040
400,,20.64014043374629,12,836536
780.0,0
407,20.62056147790629,12,989205
60.0,
406.,20.61842766398629,13,136663
400,
406.7,20.63592657284629,13,283314
400,406.78,20.63592657284629,13,434493
400,,20.63592657284629,13,583287
400,,20.63592657284629,13,731166
400,,20.63592657284629,13,881356
406.0,780.00,20.63561205823429,14,28914
406.7,80.000,20.63495593156839,14,176448
406.78,0.000,20.63426065996663,14,465413
6.5,.000
,20.67325293915031,14,611095
400,,20.69316930260631,14,759876
400,,20.69316930260631,14,910250
500.0,0
406,20.68791168740631,15,57384
80.0,
407.,20.69931497622631,15,205326
400,
406.7,20.71574969334631,15,356645
400,408.16,20.71574969334631,15,505331
400,,20.71574969334631,15,650836
400,,20.71574969334631,15,799541
400,,20.71574969334631,15,948666
409.0,000.00,20.71527358684831,16,99116
409.0,00.000,20.71433943460231,16,244067
409.0,0.000,20.71344936315031,16,526704
9.0,.000
,20.75122155218231,16,671538
400,,20.77099800921631,16,820560
400,,20.77099800921631,16,971629
400,0
409,20.77099800921631,17,116769
80.0,
409.,20.78717831929631,17,265618
400,
409.0,20.80385303673631,17,414579
400,410.40,20.80385303673631,17,563278
400,,20.80385303673631,17,709623
400,,20.80385303673631,17,856497
400,,20.80385303673631,18,4188
410.0,960.00,20.80333953209631,18,150745
410.9,60.000,20.80227155915071,18,297873
410.96,0.000,20.80114475806013,18,577964
10.96,.000
,20.83802885114765,18,724430
400,,20.85796400964965,18,872115
400,,20.85796400964965,19,20627
960.0,0
411,20.82860423108965,19,168229
40.0,
,20.81827815868965,21,207180
