194.68,0.000,20.28960849776816,5,809245
23.8,.000
,20.4268716195104,6,50147
400,,20.4585046286258,6,272940
400,,20.4585046286258,6,480519
830.0,0
313,20.4276073166058,6,673166
10.0,
332.,20.4249191092058,6,852374
400,
350.0,20.4493018546058,7,24766
400,366.75,20.4493018546058,7,194793
400,,20.4493018546058,7,348745
400,,20.4493018546058,7,500112
400,,20.4493018546058,7,652758
402.0,680.00,20.4491953195638,7,802831
402.6,80.000,20.448954305678,7,954252
402.68,0.000,20.44867548740024,8,238201
2.96,.000
,20.48782301818692,8,388387
400,,20.50854903266196,8,541042
400,,20.50854903266196,8,688549
310.0,0
404,20.51319205886196,8,838618
90.0,
404.,20.53409771726196,8,989749
400,
404.5,20.55031107066196,9,135294
400,404.86,20.55031107066196,9,287541
400,,20.55031107066196,9,435604
400,,20.55031107066196,9,586948
400,,20.55031107066196,9,733327
404.0,860.00,20.55010654688996,9,885856
404.8,60.000,20.54963852365076,10,31009
404.86,0.000,20.54899630698014,10,319881
4.86,.000
,20.5821748730795,10,474555
400,,20.603767169959,10,619745
400,,20.603767169959,10,768618
950.0,0
406,20.575140706709,10,919944
400,
405.,20.546108461159,11,67592
400,
404.8,20.546108461159,11,217730
400,404.59,20.546108461159,11,366561
400,,20.546108461159,11,518070
400,,20.546108461159,11,669445
400,,20.546108461159,11,815880
404.0,860.00,20.545904430175,11,968471
404.8,60.000,20.5454342509534,12,116078
404.86,0.000,20.5449378379951,12,402571
4.59,.000
,20.58396258560155,12,550135
400,,20.60434352351365,12,700247
400,,20.60434352351365,12,850286
950.0,0
406,20.57547577911365,13,407
400,
405.,20.546690381263648,13,148012
400,
404.8,20.546690381263648,13,299411
400,404.86,20.546690381263648,13,445743
400,,20.546690381263648,13,599828
400,,20.546690381263648,13,746134
400,,20.546690381263648,13,897488
404.0,860.00,20.54647894589565,14,43975
404.8,60.000,20.54602895060045,14,195253
404.86,0.000,20.54551913319431,14,480480
4.86,.000
,20.58440521138483,14,629315
400,,20.604894139480468,14,781869
400,,20.604894139480468,14,929513
230.0,0
406,20.613685777540468,15,78391
80.0,
406.,20.63911599060047,15,227343
400,
406.7,20.65570750644047,15,376069
400,406.78,20.65570750644047,15,523784
400,,20.65570750644047,15,675247
400,,20.65570750644047,15,824163
400,,20.65570750644047,15,974263
406.0,500.00,20.65539346507247,16,121854
406.5,00.000,20.65474828622247,16,268286
406.5,0.000,20.65408548496647,16,555820
6.78,.000
,20.692862224597988,16,703644
400,,20.71315580704927,16,849879
400,,20.71315580704927,17,2581
160.0,0
409,20.725974018649268,17,150194
400,
409.,20.738349893689268,17,297783
400,
409.0,20.738349893689268,17,444191
400,409.00,20.738349893689268,17,591915
400,,20.738349893689268,17,739692
400,,20.738349893689268,17,892265
400,,20.738349893689268,18,37378
409.0,000.00,20.73789529675927,18,186152
409.0,00.000,20.736958537483268,18,333891
409.0,0.000,20.73603120748927,18,615166
9.0,.000
,20.77349743171127,18,764232
400,,20.79384155818527,18,911721
400,,20.79384155818527,19,58153
400,0
409,20.79384155818527,19,209539
400,
,20.79384155818527,21,252576
407.89,0.000,20.78822463160926,23,766472
9.28,.000
,20.85157550998578,23,911705
400,,20.87147089346034,24,60885
400,,20.87147089346034,24,208692
680.0,0
410,20.85707214462034,24,355224
80.0,
410.,20.85911877834034,24,503515
400,
410.9,20.87572269066034,24,653686
400,410.96,20.87572269066034,24,799060
400,,20.87572269066034,24,948168
400,,20.87572269066034,25,94910
