6.892,9.630,20.012197705676336,2,817540
54.882,9.630,20.4578355184619,3,138775
86.512,9.630,20.531875236388696,3,418784
16.062,9.630,20.59990989869848,3,665295
42.522,9.630,20.663686594954065,3,889255
66.312,9.630,20.717723288857943,4,96905
88.182,9.630,20.764962135740618,4,294492
8.322,9.630,20.812974574158233,4,478430
27.332,9.630,20.862133309055615,4,651346
45.222,9.630,20.905926361356,4,818801
62.322,9.630,20.946337699508533,4,978894
78.552,9.630,20.983201954266903,5,131571
94.222,9.630,21.01657617178069,5,276705
9.002,9.630,21.05187032256123,5,420720
14.082,9.630,21.09086756291253,5,569388
14.942,9.630,21.130913074811826,5,713210
14.942,9.630,21.169536199674077,5,858600
16.092,9.630,21.208616918074558,6,4514
16.962,9.630,21.247525114828306,6,143718
18.412,9.630,21.284343560315033,6,280161
400,,21.30252756674415,6,315276
418.7,29.690,21.30229863719275,6,442095
421.05,29.690,21.30053982220225,6,585503
421.05,29.690,21.29843256648425,6,729840
419.87,29.690,21.296373448964452,6,872524
419.29,29.690,21.294420812866292,7,16384
419.29,29.690,21.29248386179835,7,160264
419.29,29.690,21.290546614513172,7,301600
419.29,29.690,21.28864340528175,7,446689
419.29,29.690,21.28669307058033,7,591676
419.29,29.690,21.28471757087793,7,735417
419.29,29.690,21.28277383374231,7,879264
419.29,29.690,21.28083973713141,8,26922
419.29,29.690,21.27884864563065,8,169593
419.58,29.690,21.27692050837623,8,313322
419.29,29.690,21.27497324358351,8,457254
419.29,29.690,21.27303261672891,8,598788
419.29,29.690,21.27112776483825,8,742641
419.58,29.690,21.26917685089106,8,885402
419.29,29.690,21.26724023511789,9,29203
419.29,29.690,21.26530271854431,9,173029
419.29,29.690,21.26336611755129,9,316896
419.29,29.690,21.26142600234465,9,458366
419.29,29.690,21.25952436845037,9,603406
419.29,29.690,21.25757375099613,9,747282
419.29,29.690,21.25563185848605,9,888677
419.29,29.690,21.25373030537829,10,32576
419.29,29.690,21.25179373131411,10,176569
419.58,29.690,21.24984053834108,10,319279
419.29,29.690,21.24790397683043,10,463077
419.29,29.690,21.24596915314085,10,606965
419.29,29.690,21.24403062673577,10,754588
419.29,29.690,21.24204059892419,10,897277
419.29,29.690,21.24012053223893,11,41565
419.29,29.690,21.23816774701307,11,184137
419.58,29.690,21.23625927992215,11,325561
419.29,29.690,21.23434175099039,11,468352
419.29,29.690,21.23242659881843,11,612091
419.29,29.690,21.23048968814375,11,753425
419.29,29.690,21.22857893883713,11,898272
419.29,29.690,21.22661621686931,12,44608
419.58,29.690,21.22463288106642,12,188491
419.58,29.690,21.2226641317639,12,331181
419.58,29.690,21.22071502171046,12,472462
419.58,29.690,21.21878482656358,12,616345
419.29,29.690,21.21683286806288,12,761548
419.29,29.690,21.21487756499048,12,905330
419.29,29.690,21.21294109864166,13,46772
419.29,29.690,21.21103612557122,13,190769
419.58,29.690,21.20908422133304,13,334467
419.58,29.690,21.20712022809084,13,478361
419.58,29.690,21.2051517111246,13,621994
419.58,29.690,21.20318550385432,13,764757
419.58,29.690,21.2012384164932,13,906240
419.29,29.690,21.19931954456407,14,55006
418.12,29.690,21.19737745117657,14,198913
416.96,29.690,21.19561335659085,14,342776
416.96,29.690,21.19391241390413,14,484237
416.96,29.690,21.19223784645965,14,629022
416.96,29.690,21.19052413048461,14,774422
416.96,29.690,21.18880261321485,14,918304
416.96,29.690,21.18709795337101,15,62168
416.96,29.690,21.18539648980877,15,206151
417.25,29.690,21.18367305329727,15,352417
417.25,29.690,21.18191485132527,15,498760
417.25,29.690,21.18014897955477,15,640278
417.25,29.690,21.17844994459977,15,784044
417.25,29.690,21.17671846049727,15,930580
416.96,29.690,21.17496984402316,16,74521
416.96,29.690,21.17321821067788,16,213879
416.96,29.690,21.17163036900748,16,357574
17.252,9.690,21.18997689997205,16,783272
17.252,9.690,21.30368473219653,16,926860
17.252,9.690,21.342190229726047,17,67927
19.872,9.690,21.37978597350464,17,209857
21.352,9.690,21.41716959986872,17,354603
21.352,9.690,21.455406403353617,17,493938
22.542,9.690,21.492197219299083,17,641019
23.132,9.690,21.531518225663273,17,783957
23.132,9.690,21.56912756270708,17,927623
24.632,9.690,21.606760240265025,18,65281
25.532,9.690,21.642726770363655,18,205281
26.742,9.690,21.679262489418274,18,349125
27.352,9.690,21.716879422593664,18,486773
27.352,9.690,21.752586050133566,18,633047
28.272,9.690,21.79062305632275,18,770829
29.182,9.690,21.82627723267918,18,914169
29.182,9.690,21.863498937119125,19,47645
30.422,9.690,21.897559437981183,19,185547
31.342,9.690,21.933104312082985,19,324217
400,,21.950900661742786,19,359362
431.34,30.310,21.950515929552285,19,479545
433.21,30.310,21.947812620608182,19,618489
432.9,30.310,21.944590146041666,19,761004
433.53,30.310,21.941248741952915,19,893593
433.21,30.310,21.938218395634653,20,33747
432.9,30.310,21.934978362979344,20,171305
433.21,30.310,21.931810039312154,20,311417
432.9,30.310,21.928576766867113,20,452797
433.21,30.310,21.925322337040445,20,592550
433.21,30.310,21.922050282270543,20,732672
433.21,30.310,21.918802312123265,20,870791
432.9,30.310,21.915616015064263,21,10500
433.21,30.310,21.912393355918624,21,150955
432.9,30.310,21.909140333507743,21,286115
433.21,30.310,21.906050479038946,21,425175
432.9,30.310,21.902858252375715,21,565245
433.21,30.310,21.899626525780803,21,704250
432.28,30.310,21.896453631616595,21,844376
431.34,30.310,21.893342316383954,21,984071
431.34,30.310,21.890250808660273,22,124126
431.34,30.310,21.887179688734832,22,263222
431.34,30.310,21.884143459944795,22,403475
431.34,30.310,21.881075621317354,22,543154
431.34,30.310,21.878014607789755,22,681108
431.34,30.310,21.875002026220635,22,821200
431.34,30.310,21.871937512641832,22,960009
431.34,30.310,21.868901983862035,23,100376
431.34,30.310,21.865833204595834,23,235772
431.34,30.310,21.862888020887635,23,375933
431.34,30.310,21.859827729245595,23,513576
431.34,30.310,21.856809678846474,23,653673
431.34,30.310,21.853748512191633,23,797616
431.34,30.310,21.850605903720435,23,935938
431.34,30.310,21.847554384081715,24,76323
