198.35,400,38.310,20.2844824097305,5,567800
403.77,400,38.310,20.44435787195171,10,47176
403.5,400,38.310,20.43154601220057,15,131443
403.5,400,38.310,20.41945760753921,20,67102
403.5,400,38.310,20.40739823421949,25,3014
401.07,400,38.310,20.3983068115776,30,98780
401.07,400,38.130,20.39473841730253,35,62662
401.07,400,38.130,20.39113901067457,40,29119
401.07,400,38.130,20.38751535291958,45,146216
401.07,400,38.060,20.38406180927461,50,107696
401.07,400,38.060,20.38080054127107,55,76422
400.8,400,38.060,20.37816183933261,60,42627
401.07,400,38.060,20.37509839634621,65,6273
401.07,400,38.060,20.37121948356498,70,124481
401.34,400,38.250,20.367639076894882,75,85402
401.07,400,38.250,20.3638016085442,80,50961
401.34,400,38.250,20.35990652336472,85,19593
401.34,400,38.380,20.35589205082038,90,133574
401.07,400,38.380,20.35188078653183,95,100304
401.34,400,38.380,20.34776429067789,100,64395
401.34,400,38.560,20.34390383500596,105,24930
401.07,400,38.560,20.339703501907852,110,136700
401.07,400,38.560,20.33551195488474,115,102776
401.07,400,38.750,20.331859587402082,120,67103
401.07,400,38.750,20.32783785799604,125,33913
401.34,400,39.000,20.32392968067835,130,146214
401.07,400,39.000,20.3199230921522,135,109655
401.07,400,39.000,20.31562737850928,140,72393
401.34,400,39.310,20.311603122203643,145,38967
401.07,400,39.310,20.30742686852107,150,4999
401.34,400,39.310,20.3033136006135,155,112591
399.2,400,39.560,20.299838418068113,160,84890
399.47,400,39.560,20.299838418068113,165,67462
398.14,400,40.000,20.29993906917253,170,206295
399.2,400,40.000,20.299879000182482,175,44666
399.2,400,40.000,20.299879000182482,180,27523
399.47,400,40.190,20.29990570313921,185,15251
399.47,400,40.190,20.29990570313921,190,1646
399.47,400,40.190,20.29990570313921,195,138046
399.2,400,40.380,20.29987886812088,200,124528
399.47,400,40.380,20.29987886812088,205,109369
399.47,400,40.380,20.29987886812088,210,93109
399.47,400,40.500,20.29991807569526,215,81066
399.47,400,40.500,20.29991807569526,220,63118
398.41,400,40.630,20.30000066184074,225,202089
399.47,400,40.630,20.29994002336296,230,34190
399.47,400,40.630,20.29994002336296,235,22045
399.47,400,40.810,20.29991298044533,240,5278
399.47,400,40.810,20.29991298044533,245,140721
399.47,400,40.810,20.29991298044533,250,126706
399.47,400,41.310,20.299909256105792,255,110995
399.47,400,41.310,20.299909256105792,260,99341
399.47,400,41.310,20.299909256105792,265,82986
399.47,400,41.630,20.29990477435249,270,65289
399.47,400,41.630,20.29990477435249,275,53255
398.67,400,41.880,20.29997469460044,280,187972
399.47,400,41.880,20.29983199537574,285,22982
399.47,400,41.880,20.29983199537574,290,7552
399.47,400,42.130,20.299805479353882,295,147602
399.73,400,42.130,20.299805479353882,300,130849
399.47,400,42.130,20.299805479353882,305,113566
399.47,400,42.440,20.299920255653962,310,96552
399.73,400,42.440,20.299920255653962,315,86834
399.47,400,42.440,20.299920255653962,320,69110
399.47,400,42.750,20.29980492049669,325,51830
399.47,400,42.750,20.29980492049669,330,35119
398.14,400,43.000,20.299903209380652,335,170980
399.47,400,43.000,20.299844573189162,340,7368
399.47,400,43.000,20.299844573189162,345,139493
399.47,400,43.250,20.299813453438503,350,130198
399.47,400,43.250,20.299813453438503,355,112615
399.47,400,43.250,20.299813453438503,360,96136
399.47,400,43.500,20.29984194997952,365,82491
399.47,400,43.500,20.29984194997952,370,67506
399.47,400,43.500,20.29984194997952,375,52394
399.47,400,43.810,20.29991151079935,380,34306
399.47,400,43.810,20.29991151079935,385,17377
398.41,400,44.130,20.299994797796163,390,155568
399.47,400,44.130,20.29988728207812,395,135616
399.47,400,44.130,20.29988728207812,400,123639
399.47,400,44.310,20.299858180866682,405,107359
399.47,400,44.310,20.299858180866682,410,91877
399.47,400,44.310,20.299858180866682,415,77862
399.47,400,44.500,20.29985671546105,420,56664
399.47,400,44.500,20.29985671546105,425,39788
399.73,400,44.500,20.29985671546105,430,30363
399.47,400,44.750,20.29982866905325,435,8870
399.73,400,44.750,20.29982866905325,440,147580
398.67,400,45.060,20.29989927998616,445,131390
399.47,400,45.060,20.2998739968417,450,109693
399.73,400,45.060,20.2998739968417,455,98781
399.73,400,45.250,20.29980179908606,460,75782
399.73,400,45.250,20.29980179908606,465,62203
399.73,400,45.250,20.29980179908606,470,45246
399.73,400,45.500,20.299902812103483,475,22752
399.73,400,45.500,20.299902812103483,480,10527
399.47,400,45.500,20.299902812103483,485,147496
399.73,400,45.690,20.29985619122815,490,127802
399.73,400,45.690,20.29985619122815,495,110186
398.67,400,45.940,20.29992558325064,500,93596
399.47,400,45.940,20.299900752769652,505,76969
399.73,400,45.940,20.299900752769652,510,59251
399.73,400,46.190,20.299785433146372,515,42248
399.73,400,46.190,20.299785433146372,520,22429
400.0,400,46.190,20.299785433146372,525,330
399.73,400,46.440,20.29999737316837,530,140893
399.73,400,46.440,20.29999737316837,535,123218
399.73,400,46.440,20.29999737316837,540,104564
399.73,400,46.630,20.299894656001403,545,86984
399.73,400,46.630,20.299894656001403,550,69871
398.67,400,46.880,20.29996492112766,555,54240
399.73,400,46.880,20.2997706803475,560,35400
399.73,400,46.880,20.2997706803475,565,13844
399.73,400,47.060,20.29998025867254,570,146945
399.73,400,47.060,20.29998025867254,575,127294
399.73,400,47.060,20.29998025867254,580,110396
400.0,400,47.310,20.299847970236502,585,90242
399.73,400,47.310,20.299847970236502,590,69077
399.73,400,47.310,20.299847970236502,595,55733
399.73,400,47.500,20.29977840572425,600,35681
399.73,400,47.500,20.29977840572425,605,18482
398.94,400,47.750,20.29983525181447,610,345
400.0,400,47.750,20.29994573365559,615,132197
399.73,400,47.750,20.29994573365559,620,114318
399.73,400,47.940,20.29977764318717,625,95415
400.0,400,47.940,20.29977764318717,630,76872
399.73,400,47.940,20.29977764318717,635,56017
399.73,400,48.130,20.299986732741203,640,36841
399.73,400,48.130,20.299986732741203,645,23052
400.0,400,48.130,20.299986732741203,650,4248
399.73,400,48.380,20.29986251106673,655,133052
400.0,400,48.380,20.29986251106673,660,120520
399.73,400,48.560,20.300073248424262,665,98717
399.73,400,48.560,20.299792783424902,670,81766
400.0,400,48.560,20.299792783424902,675,64429
399.73,400,48.750,20.299961530076143,680,41772
399.73,400,48.750,20.299961530076143,685,30442
400.0,400,48.750,20.299961530076143,690,8021
399.73,400,48.940,20.299829904080493,695,141122
400.0,400,48.940,20.299829904080493,700,127128
399.73,400,48.940,20.299829904080493,705,105082
399.73,400,49.190,20.299930850658782,710,88962
399.73,400,49.190,20.299930850658782,715,69771
399.73,400,49.380,20.300137533491363,720,52885
399.73,400,49.380,20.299856819976082,725,41368
399.73,400,49.380,20.299856819976082,730,20169
399.73,400,49.560,20.29978423199656,735,2793
399.73,400,49.560,20.29978423199656,740,132369
400.0,400,49.560,20.29978423199656,745,115889
399.47,400,49.810,20.29995108233536,750,100407
399.73,400,49.810,20.29995108233536,755,79625
399.73,400,49.810,20.29995108233536,760,65331
400.0,400,49.940,20.299821663558802,765,50969
400.0,400,49.940,20.299821663558802,770,25152
400.0,400,50.060,20.2999883492743,775,10734
400.0,400,50.060,20.2999883492743,780,136211
399.73,400,50.060,20.2999883492743,785,121381
400.0,400,50.250,20.29988630317151,790,100763
399.73,400,50.250,20.29988630317151,795,81237
399.47,400,50.250,20.29988630317151,800,68324
399.47,400,50.500,20.29985884459488,805,49681
399.47,400,50.500,20.29985884459488,810,35421
399.47,400,50.500,20.29985884459488,815,23520
399.73,400,50.690,20.299767150575462,820,925
399.73,400,50.690,20.299767150575462,825,140199
399.73,400,50.880,20.29997535263645,830,116899
400.0,400,50.880,20.29997535263645,835,101054
399.73,400,50.880,20.29997535263645,840,83167
399.73,400,51.060,20.29973247842011,845,57732
400.0,400,51.060,20.29973247842011,850,42580
399.73,400,51.060,20.29973247842011,855,21752
399.73,400,51.250,20.299942801273833,860,151111
399.73,400,51.250,20.299942801273833,865,133088
400.0,400,51.250,20.299942801273833,870,113806
399.73,400,51.440,20.2998321714253,875,93612
399.73,400,51.440,20.2998321714253,880,77952
401.07,400,51.630,20.299984266567602,885,53460
400.0,400,51.630,20.299928259536202,890,39709
399.73,400,51.630,20.299928259536202,895,15846
400.0,400,51.750,20.299830672735542,900,2299
399.73,400,51.750,20.299830672735542,905,134286
399.73,400,51.750,20.299830672735542,910,112306
400.0,400,51.940,20.29999862031638,915,94852
400.0,400,51.940,20.29999862031638,920,72166
400.0,400,51.940,20.29999862031638,925,53513
400.0,400,52.130,20.299826183189072,930,34267
400.0,400,52.130,20.299826183189072,935,12395
400.0,400,52.310,20.299996468420773,940,144146
400.0,400,52.310,20.299996468420773,945,125408
399.73,400,52.310,20.299996468420773,950,104437
399.73,400,52.440,20.299822072136593,955,85006
400.0,400,52.440,20.299822072136593,960,63495
400.0,400,52.440,20.299822072136593,965,44983
400.0,400,52.690,20.299988404189452,970,21478
399.73,400,52.690,20.299988404189452,975,66
400.0,400,52.690,20.299988404189452,980,135386
400.0,400,52.810,20.299787665811053,985,111157
400.0,400,52.810,20.299787665811053,990,93064
400.0,400,53.000,20.299787665811053,995,74812
400.0,400,53.000,20.299787665811053,1000,55229
400.0,400,53.000,20.299787665811053,1005,33329
400.0,400,53.130,20.29995452243883,1010,12655
400.0,400,53.130,20.29995452243883,1015,145254
400.0,400,53.130,20.29995452243883,1020,123327
400.0,400,53.380,20.299910545423472,1025,103255
400.0,400,53.380,20.299910545423472,1030,83354
399.73,400,53.380,20.299910545423472,1035,65415
400.0,400,53.440,20.299910545423472,1040,43737
400.0,400,53.440,20.299910545423472,1045,26335
401.61,400,53.690,20.2998476725046,1050,994
400.0,400,53.690,20.299764386359353,1055,131725
400.0,400,53.690,20.299764386359353,1060,111912
400.0,400,53.810,20.29993146421125,1065,87679
400.0,400,53.810,20.29993146421125,1070,70484
400.0,400,53.810,20.29993146421125,1075,51904
400.0,400,53.940,20.29993146421125,1080,24942
400.0,400,53.940,20.29993146421125,1085,14354
400.0,400,53.940,20.29993146421125,1090,136602
400.0,400,54.130,20.29975590812329,1095,118434
400.0,400,54.130,20.29975590812329,1100,95928
400.0,400,54.310,20.29992316798567,1105,75963
400.0,400,54.310,20.29992316798567,1110,54922
400.0,400,54.310,20.29992316798567,1115,33051
400.0,400,54.440,20.299744470108973,1120,14600
400.0,400,54.440,20.299744470108973,1125,144465
400.0,400,54.440,20.299744470108973,1130,120557
399.73,400,54.630,20.29991211100955,1135,102784
400.0,400,54.630,20.29991211100955,1140,82271
400.0,400,54.630,20.29991211100955,1145,58824
400.0,400,54.750,20.29976771541451,1150,43487
400.0,400,54.750,20.29976771541451,1155,17650
400.0,400,54.940,20.299934237616533,1160,149125
400.0,400,54.940,20.299934237616533,1165,132143
400.0,400,54.940,20.299934237616533,1170,103144
399.73,400,55.061,20.299760668978873,1175,89738
399.73,400,55.061,20.299760668978873,1180,65850
399.47,400,55.061,20.299760668978873,1185,50777
399.73,400,55.251,20.299972979872702,1190,36139
399.73,400,55.251,20.299972979872702,1195,14787
399.73,400,55.251,20.299972979872702,1200,1328
399.73,400,52.441,20.29987253232253,1205,133203
399.73,400,52.441,20.29987253232253,1210,116548
400.0,400,50.691,20.299846707659203,1215,101237
399.47,400,50.691,20.299846707659203,1220,83218
399.73,400,50.691,20.299846707659203,1225,64225
