403.77,400,0.000,20.4284815699469,10,99220
403.23,400,0.000,20.40424633499835,20,112648
401.07,400,0.000,20.39379450434668,30,30091
400.8,400,0.000,20.38774866072833,40,110391
401.07,400,0.000,20.38116989867839,50,42853
400.8,400,0.000,20.37422302719627,60,121636
401.07,400,0.000,20.367868946446368,70,51509
400.8,400,0.000,20.36238849008373,80,134855
400.8,400,0.000,20.35665947984036,90,64772
401.07,400,0.000,20.34984965797443,100,146352
401.07,400,0.000,20.34259214802787,110,73159
401.07,400,0.000,20.33496451232257,120,149359
401.07,400,0.000,20.32750645143155,130,72578
401.07,400,0.000,20.3198954790977,140,150344
401.07,400,0.000,20.31258127030402,150,74208
401.07,400,0.000,20.30523614727531,160,68
400.27,400,0.000,20.30010529593558,170,237123
399.47,400,0.000,20.29989581369024,180,36351
399.2,400,0.000,20.30007843065197,190,139703
399.2,400,0.000,20.30006465452611,200,94311
399.2,400,0.000,20.29992873303148,210,43218
400.8,400,0.000,20.30004322542006,220,149713
399.2,400,0.000,20.3000598620267,230,103535
400.0,400,0.000,20.29993771821796,240,53133
401.07,400,0.000,20.30002327478969,250,7196
400.53,400,0.000,20.30010040763916,260,107442
400.53,400,0.000,20.30003140281821,270,60278
398.41,400,0.000,20.3000473958514,280,15288
400.27,400,0.000,20.300042965097468,290,117092
400.27,400,0.000,20.30007931161173,300,71183
400.27,400,0.000,20.30013931284343,310,24463
399.2,400,0.000,20.30004933861574,320,130167
399.2,400,0.002,20.30002576337607,330,80359
398.94,400,0.002,20.2999730923205,340,34300
401.07,400,0.002,20.30005105988025,350,134084
399.73,400,0.002,20.29992403921182,360,89586
399.73,400,0.002,20.29996630323397,370,43825
399.2,400,0.002,20.29998860671066,380,143332
400.8,400,0.002,20.30024803913777,390,96833
400.27,400,0.002,20.30015379253933,400,52952
399.2,400,0.002,20.29999410065819,410,5503
400.8,400,0.002,20.300021983060418,420,106958
400.27,400,0.002,20.30006208290565,430,61212
400.8,400,0.002,20.29995859122043,440,15265
400.8,400,0.002,20.300086584667028,450,116851
398.94,400,0.002,20.30001403875946,460,69379
400.8,400,0.002,20.30001478687935,470,20204
400.0,400,0.002,20.3000956452759,480,124482
399.2,400,0.002,20.30000624335935,490,78150
400.53,400,0.002,20.30000952276577,500,34295
400.53,400,0.002,20.30002640732295,510,137264
400.53,400,0.002,20.30002954544021,520,87732
400.53,400,0.002,20.30007811412642,530,40765
400.27,400,0.002,20.30006640359894,540,144011
398.67,400,0.002,20.30005144725629,550,98093
400.8,400,0.002,20.3000414455061,560,51585
400.53,400,0.002,20.30001419309773,570,2743
400.8,400,0.002,20.29998835320055,580,104498
398.67,400,0.002,20.30005436382835,590,60950
398.94,400,0.002,20.30004345184079,600,8448
399.2,400,0.002,20.299956369001322,610,114012
399.47,400,0.002,20.29994278550252,620,68330
400.53,400,0.002,20.30011824990818,630,22474
400.8,400,0.002,20.30003880873432,640,124210
399.2,400,0.002,20.29995559581276,650,77735
400.53,400,0.002,20.30006410839346,660,31252
400.53,400,0.002,20.29996099037207,670,133586
400.0,400,0.002,20.30013826984646,680,88144
398.67,400,0.002,20.30007937286821,690,42948
399.47,400,0.002,20.299950401467772,700,140879
400.8,400,0.002,20.299925037987002,710,96713
400.53,400,0.002,20.30004971670489,720,49386
400.8,400,0.002,20.30004781147899,730,992
398.67,400,0.002,20.300083197133432,740,107301
400.53,400,0.002,20.29993782762597,750,55310
400.8,400,0.002,20.29997344950106,760,8706
400.8,400,0.002,20.29996723432409,770,109704
398.67,400,0.002,20.30004534629655,780,64428
400.27,400,0.002,20.3001009067301,790,18762
398.94,400,0.002,20.300106028102682,800,123728
401.07,400,0.002,20.29993778722224,810,77868
400.8,400,0.002,20.299992324544842,820,25680
400.53,400,0.002,20.299982595792923,830,131192
400.53,400,0.002,20.300027395013892,840,85503
400.0,400,0.002,20.300115412349722,850,37078
399.47,400,0.002,20.299970120536642,860,142272
400.0,400,0.002,20.299985442010072,870,96194
400.8,400,0.002,20.29991961010517,880,44747
399.2,400,0.002,20.30006602963497,890,153579
400.8,400,0.002,20.30004303136559,900,104371
399.47,400,0.002,20.29988803352747,910,54247
398.94,400,0.002,20.30005764564985,920,10239
398.94,400,0.002,20.30002817465895,930,111855
400.53,400,0.002,20.299977366104702,940,64098
400.8,400,0.002,20.29996908378677,950,24084
398.94,400,0.002,20.30005785753124,960,122291
400.27,400,0.002,20.30008787464083,970,72427
400.8,400,0.002,20.299986415814303,980,28278
399.73,400,0.002,20.29996307256889,990,130975
398.94,400,0.002,20.30006700851366,1000,86727
399.2,400,0.002,20.300021977567162,1010,37790
398.94,400,0.002,20.299993640351623,1020,144445
400.8,400,0.002,20.2999889679466,1030,92401
401.07,400,0.002,20.30007850801829,1040,43659
401.07,400,0.002,20.299908642403253,1050,85
399.47,400,0.002,20.30004326126236,1060,105093
399.2,400,0.002,20.299952965867423,1070,57741
399.2,400,0.002,20.299919918216332,1080,8849
401.07,400,0.002,20.30016965599929,1090,113279
398.94,400,0.002,20.300044979026403,1100,68687
399.47,400,0.002,20.29984412535236,1110,16638
399.2,400,0.002,20.30000121179843,1120,124830
399.47,400,0.002,20.299921724326232,1130,74404
400.8,400,0.002,20.300055631923343,1140,27092
399.47,400,0.002,20.299993151004763,1150,129429
400.0,400,0.002,20.29981878941816,1160,94232
400.8,400,0.002,20.30005489284953,1170,39113
401.34,400,0.002,20.29990921336376,1180,141917
399.47,400,0.002,20.29992356132612,1190,93024
401.34,400,0.002,20.29991486391108,1200,49347
400.8,400,0.002,20.29999718432447,1210,152111
400.8,400,0.002,20.29997575792666,1220,102314
399.73,400,0.002,20.29995789749219,1230,53205
399.73,400,0.002,20.30001444548755,1240,4083
399.73,400,0.002,20.299938274639132,1250,110580
399.47,400,0.002,20.30001676891317,1260,66355
399.73,400,0.002,20.29982950903343,1270,13941
400.8,400,0.002,20.30000994984405,1280,119577
399.73,400,0.002,20.29994133699896,1290,74222
399.47,400,0.002,20.29995807645939,1300,24397
399.73,400,0.002,20.29988192585646,1310,131144
399.47,400,0.002,20.29985496358924,1320,83888
399.73,400,0.002,20.29996131372406,1330,41383
400.0,400,0.002,20.29985071821713,1340,138718
400.0,400,0.002,20.29942361838638,1350,88517
399.73,400,0.002,20.29984748244967,1360,42548
400.0,400,0.002,20.29962063918537,1370,149226
400.27,400,0.002,20.29903123746302,1380,98857
400.27,400,0.002,20.29691063203434,1390,38854
400.27,400,0.002,20.29522243182971,1400,140165
399.73,400,0.002,20.29536264257273,1410,90039
399.73,400,0.002,20.29691851894923,1420,50825
400.0,400,0.002,20.29735637061144,1430,1453
400.27,400,0.002,20.29761222938325,1440,107901
400.0,400,0.002,20.29814887879236,1450,59944
399.2,400,0.002,20.297850227898582,1460,164642
400.0,400,0.002,20.29802404432973,1470,115824
399.73,400,0.002,20.2979510353899,1480,65654
399.73,400,0.002,20.29850244622167,1490,19215
400.0,400,0.002,20.29806324377241,1500,124581
399.73,400,0.002,20.29885398613199,1510,79349
400.0,400,0.002,20.29988869127381,1520,32079
399.47,400,0.002,20.2999667547248,1530,141388
399.47,400,0.002,20.30003322485996,1540,92341
399.73,400,0.002,20.29998568493501,1550,42454
400.0,400,0.002,20.2999670014678,1560,148517
399.73,400,0.002,20.30006840303041,1570,102238
399.73,400,0.002,20.30000252039836,1580,49692
401.07,400,0.002,20.30001415539875,1590,201
399.47,400,0.002,20.30001498904458,1600,105790
400.0,400,0.002,20.29999191243168,1610,64992
399.47,400,0.002,20.29980546665726,1620,8957
400.0,400,0.002,20.29991326985009,1630,115076
399.47,400,0.002,20.299816658448588,1640,68814
401.07,400,0.002,20.29997921622001,1650,22570
399.73,400,0.002,20.29989319584822,1660,126010
400.0,400,0.002,20.29999194058551,1670,78557
401.07,400,0.002,20.29999187714429,1680,32016
401.07,400,0.002,20.2999733500221,1690,132777
399.73,400,0.002,20.29996719340733,1700,88875
399.73,400,0.002,20.29999750501359,1710,41279
399.73,400,0.002,20.299979791448788,1720,145323
400.0,400,0.002,20.299955159538328,1730,96634
399.73,400,0.002,20.29990001249528,1740,45316
400.27,400,0.002,20.299774274433258,1750,2360
399.73,400,0.002,20.299978389390148,1760,105738
400.53,400,0.002,20.29987378451708,1770,58913
400.27,400,0.002,20.299889775498148,1780,10592
399.73,400,0.002,20.29987653104936,1790,113214
399.73,400,0.002,20.29996647480586,1800,67445
399.73,400,0.002,20.29997603467319,1810,17227
399.73,400,0.002,20.299929380492788,1820,126064
399.73,400,0.002,20.29998673192803,1830,79512
401.07,400,0.002,20.29997241304086,1840,31368
401.07,400,0.002,20.29996127754323,1850,132619
399.73,400,0.002,20.299937494638087,1860,85954
399.73,400,0.002,20.299833627812767,1870,37962
400.27,400,0.002,20.299932536632408,1880,142763
400.0,400,0.002,20.299848889610686,1890,93038
399.73,400,0.002,20.299795340935287,1900,42878
399.73,400,0.002,20.299944937820417,1910,148270
399.73,400,0.002,20.299941336520828,1920,95966
399.73,400,0.002,20.300001021244427,1930,49944
399.73,400,0.002,20.299922371923646,1940,3705
400.27,400,0.002,20.29991108790209,1950,109381
400.53,400,0.002,20.29988561730275,1960,55978
401.07,400,0.002,20.299970614486806,1970,12207
399.73,400,0.002,20.29990822088454,1980,112164
400.0,400,0.002,20.29993844289901,1990,66290
399.73,400,0.002,20.29995205408049,2000,19712
399.73,400,0.002,20.299985441472607,2010,123130
400.0,400,0.002,20.299896096097548,2020,75390
399.73,400,0.002,20.29997642109995,2030,25070
400.0,400,0.002,20.299971125447236,2040,131800
399.2,400,0.002,20.29990851358386,2050,229456
400.27,400,0.002,20.2998611820852,2060,35990
399.73,400,0.002,20.299891744451447,2070,134021
399.73,400,0.002,20.299847187799436,2080,89006
400.53,400,0.002,20.299898930082247,2090,38982
400.0,400,0.002,20.299862002280566,2100,145008
399.73,400,0.002,20.299958468393367,2110,94008
400.0,400,0.002,20.299679774687668,2120,45073
400.0,400,0.002,20.299919662137576,2130,148790
399.73,400,0.002,20.299937806169446,2140,100957
399.73,400,0.002,20.299919835395137,2150,57400
398.94,400,0.002,20.299972108695407,2160,4242
400.0,400,0.002,20.299993978469796,2170,112225
399.73,400,0.002,20.299829473868186,2180,61684
400.53,400,0.002,20.299847680528107,2190,14715
400.0,400,0.002,20.29984651034856,2200,117315
399.73,400,0.002,20.299947410904217,2210,71560
400.0,400,0.002,20.299948894011127,2220,24993
399.73,400,0.002,20.299765114087165,2230,127165
399.73,400,0.002,20.299967920587218,2240,80300
400.0,400,0.002,20.29995862419395,2250,30921
399.73,400,0.002,20.299759709061348,2260,130213
401.34,400,0.002,20.299936551573776,2270,83874
400.27,400,0.002,20.299881808124795,2280,37367
399.73,400,0.002,20.300010788532926,2290,139942
399.73,400,0.002,20.300041634992155,2300,93492
400.27,400,0.002,20.299906349546536,2310,48475
400.53,400,0.002,20.299885451674328,2320,149715
400.0,400,0.002,20.300008991294607,2330,100507
399.73,400,0.002,20.299833248837157,2340,50373
399.73,400,0.002,20.299877354982517,2350,4912
400.0,400,0.002,20.299872382608505,2360,107368
399.73,400,0.002,20.299999740396977,2370,62845
400.53,400,0.002,20.299833334010607,2380,20931
399.73,400,0.002,20.299937787972585,2390,116551
400.0,400,0.002,20.299828934736475,2400,70301
399.73,400,0.002,20.299927421405716,2410,24371
400.0,400,0.002,20.299863895874296,2420,122485
400.0,400,0.002,20.299989748464156,2430,77350
400.0,400,0.002,20.299831497782005,2440,26039
399.73,400,0.002,20.300004015824964,2450,132513
400.0,400,0.002,20.299744734762644,2460,82832
399.73,400,0.002,20.299975544097844,2470,35611
400.0,400,0.002,20.299822266369045,2480,134999
400.0,400,0.002,20.299791552390214,2490,93596
399.73,400,0.002,20.299871664080325,2500,44021
400.0,400,0.002,20.299951388080295,2510,145563
400.0,400,0.002,20.299910712926014,2520,92227
400.0,400,0.002,20.299971853360024,2530,46652
400.0,400,0.002,20.299891922549634,2540,148810
400.0,400,0.002,20.299911897452954,2550,101580
400.0,400,0.002,20.300011121562687,2560,58439
400.0,400,0.002,20.299929642295137,2570,7596
400.0,400,0.002,20.299591606161545,2580,108924
399.73,400,0.002,20.299589369406586,2590,62304
399.73,400,0.002,20.299734689973775,2600,16202
399.73,400,0.002,20.299966520790097,2610,123298
399.73,400,0.002,20.299969565633614,2620,72195
400.0,400,0.002,20.299843675959014,2630,25500
399.2,400,0.002,20.299891518421596,2640,277661
399.73,400,0.002,20.299970109934016,2650,79346
400.0,400,0.002,20.299862171625836,2660,29201
400.0,400,0.002,20.299672178699176,2670,133901
399.73,400,0.002,20.299923433379224,2680,84577
400.27,400,0.002,20.299889275349734,2690,39912
399.73,400,0.002,20.299862991971274,2700,140010
399.73,400,0.002,20.299952886309374,2710,95212
400.0,400,0.002,20.299995375652905,2720,45754
400.0,400,0.002,20.299824150560713,2730,148109
399.73,400,0.002,20.299928674825257,2740,96708
399.2,400,0.002,20.299942926791676,2750,51250
400.0,400,0.002,20.299922660899135,2760,2212
400.0,400,0.002,20.299937463493325,2770,112748
400.0,400,0.002,20.299993894933156,2780,57538
399.73,400,0.002,20.299904493581984,2790,12681
400.0,400,0.002,20.299856441171475,2800,113219
400.0,400,0.002,20.299972700515646,2810,67338
400.27,400,0.002,20.299606829129726,2820,15135
400.0,400,0.002,20.298738213032067,2830,117287
400.0,400,0.002,20.298479071880354,2840,69353
400.27,400,0.002,20.298008784796814,2850,20982
400.27,400,0.002,20.296770461907936,2860,120732
400.27,400,0.002,20.296003945334494,2870,68504
400.0,400,0.002,20.295831526850765,2880,19916
400.0,400,0.002,20.296637451753856,2890,128094
400.0,400,0.002,20.297149907945506,2900,82857
400.0,400,0.002,20.297630581269047,2910,36402
400.0,400,0.002,20.297881119759214,2920,135293
400.27,400,0.002,20.297269914865634,2930,88978
400.0,400,0.002,20.296601806827315,2940,40937
400.0,400,0.002,20.295916876025757,2950,141430
400.0,400,0.002,20.295670165542084,2960,92406
400.0,400,0.002,20.295312791259164,2970,42470
400.27,400,0.002,20.294305702291904,2980,142466
400.27,400,0.002,20.292744383040535,2990,87602
400.0,400,0.002,20.291928488045045,3000,35479
400.0,400,0.002,20.291589321106084,3010,138217
400.0,400,0.002,20.291204388805966,3020,94283
400.27,400,0.002,20.289829303119564,3030,35344
400.0,400,0.002,20.288337779592947,3040,136378
400.27,400,0.002,20.287188747265187,3050,86098
400.27,400,0.002,20.286036468176466,3060,32590
400.0,400,0.002,20.285198271065386,3070,134366
400.27,400,0.002,20.284738601183065,3080,85750
400.27,400,0.002,20.283742113279267,3090,32314
400.27,400,0.002,20.282067315808888,3100,129470
400.27,400,0.002,20.280519964008665,3110,83043
400.0,400,0.002,20.279396913247655,3120,28691
400.0,400,0.002,20.278998938161415,3130,132613
400.0,400,0.002,20.279123272852555,3140,81830
400.0,400,0.002,20.279189797672526,3150,32444
400.0,400,0.002,20.278562808685077,3160,138509
400.0,400,0.002,20.277709946939506,3170,83835
400.27,400,0.002,20.276686485914585,3180,28976
400.0,400,0.002,20.275547359683095,3190,132144
400.27,400,0.002,20.273608218695998,3200,76591
400.27,400,0.002,20.27170193722805,3210,20949
400.0,400,0.002,20.27111802698929,3220,126127
399.2,400,0.002,20.271641776653418,3230,230745
400.0,400,0.002,20.272208061038057,3240,30926
399.73,400,0.002,20.272775023983396,3250,134378
400.0,400,0.002,20.272944658253316,3260,89424
400.27,400,0.002,20.272048888744628,3270,38039
400.0,400,0.002,20.271919803482938,3280,145138
400.27,400,0.002,20.271237653276057,3290,93800
400.0,400,0.002,20.270696309241096,3300,43691
400.27,400,0.002,20.269999945583436,3310,141759
400.0,400,0.002,20.268677064039466,3320,91670
400.27,400,0.002,20.267203655144957,3330,37896
400.27,400,0.002,20.265447093071607,3340,133497
400.0,400,0.002,20.264267465205148,3350,95505
400.27,400,0.002,20.26432187422837,3360,33952
400.0,400,0.002,20.263895036238356,3370,137989
400.27,400,0.002,20.26246367189037,3380,84870
400.0,400,0.002,20.26078637697599,3390,31265
400.0,400,0.002,20.259803784831757,3400,131537
400.0,400,0.002,20.259872011707277,3410,80952
400.27,400,0.002,20.259630850281727,3420,34907
400.0,400,0.002,20.258804047354058,3430,137073
400.27,400,0.002,20.257466530142597,3440,82717
400.27,400,0.002,20.255416276678357,3450,28351
400.27,400,0.002,20.25349200434068,3460,125951
400.27,400,0.002,20.252396652756897,3470,73996
400.0,400,0.002,20.25169984804002,3480,25461
400.27,400,0.002,20.25108880559547,3490,129188
400.27,400,0.002,20.250589101982477,3500,75058
400.27,400,0.002,20.24930817489766,3510,31592
400.27,400,0.002,20.24787185045348,3520,120537
400.0,400,0.002,20.246607245973017,3530,71529
400.27,400,0.002,20.24524281250999,3540,19341
400.0,400,0.002,20.24443162880161,3550,119356
400.0,400,0.002,20.24414091828952,3560,72181
400.0,400,0.002,20.243371891240418,3570,19100
400.0,400,0.002,20.24217602518223,3580,121688
400.27,400,0.002,20.24080945124636,3590,67155
400.53,400,0.002,20.23823872683688,3600,10312
400.27,400,0.002,20.23595758223184,3610,104350
400.0,400,0.002,20.23467739710706,3620,53703
400.0,400,0.002,20.23426418142116,3630,4437
400.27,400,0.002,20.23365415449332,3640,106036
400.27,400,0.002,20.23282723089541,3650,55981
400.0,400,0.002,20.23271161794461,3660,9128
400.0,400,0.002,20.23245309416692,3670,109775
400.27,400,0.002,20.23113122931928,3680,55082
400.27,400,0.002,20.22952812547404,3690,7271
400.27,400,0.002,20.22826292458399,3700,104342
400.0,400,0.002,20.227481596468,3710,53717
400.27,400,0.002,20.22722641148606,3720,3056
400.0,400,0.002,20.22746332557812,3730,109271
400.27,400,0.002,20.22786103761957,3740,62983
400.0,400,0.002,20.22713420912022,3750,13096
400.27,400,0.002,20.22599510313771,3760,109133
400.0,400,0.002,20.22477313861522,3770,58100
400.27,400,0.002,20.22364863816405,3780,12156
400.0,400,0.002,20.22250153717437,3790,105699
400.0,400,0.002,20.22207125797805,3800,54171
400.0,400,0.002,20.221589076747662,3810,7511
399.2,400,0.002,20.220636473419592,3820,107870
400.27,400,0.002,20.21957110029365,3830,55447
400.27,400,0.002,20.21782715414801,3840,1472
400.27,400,0.002,20.215639377722372,3850,98344
400.27,400,0.002,20.213409137426712,3860,49359
400.27,400,0.002,20.21194829882467,3870,142364
400.27,400,0.002,20.211278960868473,3880,94977
400.0,400,0.002,20.21090679446485,3890,44198
400.27,400,0.002,20.21035155719359,3900,142718
400.27,400,0.002,20.209883086491022,3910,96117
400.27,400,0.002,20.20915467849445,3920,42430
400.27,400,0.002,20.2076166712495,3930,143466
400.27,400,0.002,20.205718896265672,3940,88590
400.27,400,0.002,20.20362561864681,3950,31882
400.27,400,0.002,20.201636489349692,3960,127431
400.0,400,0.002,20.200827295915023,3970,80844
399.73,400,0.002,20.200938134392263,3980,31933
400.0,400,0.002,20.20190469624406,3990,137504
400.0,400,0.002,20.201162513908514,4000,87891
400.0,400,0.002,20.20025361797236,4010,37194
399.47,400,0.002,20.200130526879903,4020,142574
400.27,400,0.002,20.20002584149602,4030,91136
400.27,400,0.002,20.20018930463626,4040,46722
400.0,400,0.002,20.200600713294392,4050,1990
400.27,400,0.002,20.200543057803372,4060,101274
398.94,400,0.002,20.200015952930023,4070,54993
400.27,400,0.002,20.20007583654523,4080,4732
400.27,400,0.002,20.200074502810324,4090,109553
399.73,400,0.002,20.200029927134324,4100,63642
400.27,400,0.002,20.200169455899932,4110,13985
399.2,400,0.002,20.20001078057552,4120,117420
399.2,400,0.002,20.200020671863722,4130,74108
400.0,400,0.002,20.20004906703071,4140,24101
400.0,400,0.002,20.201014515436402,4150,127469
400.0,400,0.002,20.200759005985674,4160,84062
400.53,400,0.002,20.200081917493314,4170,30911
400.27,400,0.002,20.199996493276345,4180,132366
400.0,400,0.002,20.200235975722222,4190,86299
400.0,400,0.002,20.200377807577222,4200,39977
400.27,400,0.002,20.200124091079093,4210,142433
400.0,400,0.002,20.199986602211503,4220,93980
400.0,400,0.002,20.200083205209083,4230,48546
399.73,400,0.002,20.200762562375942,4240,4056
400.0,400,0.002,20.201540923325343,4250,112142
400.27,400,0.002,20.201099768636393,4260,58263
400.27,400,0.002,20.200070249617124,4270,10098
398.94,400,0.002,20.200023142064783,4280,109309
400.0,400,0.002,20.199995553286723,4290,63466
400.0,400,0.002,20.200134743857372,4300,17139
400.0,400,0.002,20.200599762744034,4310,118616
400.27,400,0.002,20.199971644860245,4320,73824
400.27,400,0.002,20.200008061642162,4330,24314
400.27,400,0.002,20.200018802483612,4340,128732
400.0,400,0.002,20.200133930889795,4350,82713
400.0,400,0.002,20.20029875625381,4360,32482
400.0,400,0.002,20.201216561730693,4370,140488
400.0,400,0.002,20.200336487170805,4380,90537
400.27,400,0.002,20.200038229610495,4390,40440
400.0,400,0.002,20.200230987364012,4400,142357
399.47,400,0.002,20.200176234425722,4410,95906
399.73,400,0.002,20.200203159123095,4420,52767
400.27,400,0.002,20.200031001659955,4430,2901
400.27,400,0.002,20.200209743266353,4440,106589
399.73,400,0.002,20.200103084489893,4450,64057
399.73,400,0.002,20.200057563215843,4460,9755
400.0,400,0.002,20.200110477056754,4470,115574
399.73,400,0.002,20.200745556220184,4480,69151
400.27,400,0.002,20.200037537937863,4490,20987
400.27,400,0.002,20.199997051226134,4500,122095
400.27,400,0.002,20.200092326941814,4510,76532
399.73,400,0.002,20.200364214156355,4520,27011
400.27,400,0.002,20.200077614668825,4530,131506
398.41,400,0.002,20.200098778035805,4540,86857
400.53,400,0.002,20.200004366747756,4550,38824
400.0,400,0.002,20.200279166925696,4560,139200
400.0,400,0.002,20.200134858793543,4570,92833
400.53,400,0.002,20.199972526427263,4580,43193
400.27,400,0.002,20.200018895097745,4590,149794
400.27,400,0.002,20.200034887502735,4600,105383
400.27,400,0.002,20.200004423722007,4610,52342
399.73,400,0.002,20.200547824679205,4620,10774
400.0,400,0.002,20.201059350918474,4630,109003
400.27,400,0.002,20.200051433247225,4640,62982
400.27,400,0.002,20.200011057650116,4650,16735
400.27,400,0.002,20.200032874491676,4660,120286
398.94,400,0.002,20.200031059946447,4670,67325
398.94,400,0.002,20.200054896025225,4680,21003
400.0,400,0.002,20.200026219906256,4690,132949
400.53,400,0.002,20.200010913642245,4700,79395
400.0,400,0.002,20.200096268813056,4710,35695
400.0,400,0.002,20.200193650562255,4720,135160
400.0,400,0.002,20.200091082453184,4730,89029
400.27,400,0.002,20.199992382091246,4740,37267
399.2,400,0.002,20.199978226818764,4750,143588
398.94,400,0.002,20.200014734005645,4760,98777
400.27,400,0.002,20.200111507521136,4770,46502
400.0,400,0.002,20.200023923870155,4780,161350
400.0,400,0.002,20.200058684186395,4790,106518
400.0,400,0.002,20.200582067979866,4800,59831
400.0,400,0.002,20.200381232631816,4810,10118
400.27,400,0.002,20.200135937161665,4820,111877
400.53,400,0.002,20.200056880777755,4830,65315
400.27,400,0.002,20.199979590455996,4840,19686
400.0,400,0.002,20.199989033743368,4850,119707
400.27,400,0.002,20.200074664076247,4860,75901
400.27,400,0.002,20.200101400498585,4870,27739
400.0,400,0.002,20.200089565577038,4880,127438
400.27,400,0.002,20.200069495731757,4890,83592
399.73,400,0.002,20.20005966053135,4900,37393
400.27,400,0.002,20.200174649103698,4910,139503
400.53,400,0.002,20.199962152255686,4920,89389
400.0,400,0.002,20.200141922057966,4930,46055
400.0,400,0.002,20.200094430476497,4940,146713
398.94,400,0.002,20.199992289449195,4950,98368
398.94,400,0.002,20.200030561480215,4960,49905
400.27,400,0.002,20.199985391383926,4970,4294
399.2,400,0.002,20.200013930468046,4980,105321
400.53,400,0.002,20.199968921334047,4990,61307
398.94,400,0.002,20.200441686408325,5000,164246
399.2,400,0.002,20.203099754545246,5010,128049
399.2,400,0.002,20.208106529422427,5020,100745
399.2,400,0.002,20.212944255013017,5030,69367
399.2,400,0.002,20.217457629779098,5040,39249
399.47,400,0.002,20.221684587158865,5050,9190
399.47,400,0.002,20.225569907541708,5060,124078
399.47,400,0.002,20.229274966109045,5070,89986
399.73,400,0.002,20.232016713975966,5080,51817
399.47,400,0.002,20.235610236038145,5090,19884
399.73,400,0.002,20.238643619151986,5100,138128
398.94,400,0.002,20.241246548398497,5110,96607
399.73,400,0.002,20.244057570388726,5120,61929
399.73,400,0.002,20.246809519393025,5130,27598
399.73,400,0.002,20.249989038369467,5140,141713
399.47,400,0.002,20.252948785044964,5150,103409
399.47,400,0.002,20.256658037726783,5160,70481
399.47,400,0.002,20.260031086249306,5170,36577
399.47,400,0.002,20.262704617246534,5180,153788
399.47,400,0.002,20.265264401807784,5190,110303
399.47,400,0.002,20.268034552439424,5200,75591
399.73,400,0.002,20.271091931634583,5210,41588
398.67,400,0.002,20.273376902012522,5220,18
399.47,400,0.002,20.276148913316725,5230,115908
399.73,400,0.002,20.278904512847063,5240,75084
399.47,400,0.002,20.281551549959502,5250,36821
399.73,400,0.002,20.283963428394042,5260,1900
399.73,400,0.002,20.286569574014084,5270,113595
399.73,400,0.002,20.289179039098762,5280,78680
399.73,400,0.002,20.29150605960024,5290,40228
399.73,400,0.002,20.29376465103305,5300,2374
399.73,400,0.002,20.296193136437154,5310,115480
399.73,400,0.002,20.298387796493422,5320,77726
399.73,400,0.002,20.300076271252863,5330,35461
400.53,400,0.002,20.299919906790073,5340,137785
399.73,400,0.002,20.299902970573914,5350,95257
399.73,400,0.002,20.300022323733284,5360,44739
399.73,400,0.002,20.299986171591083,5370,146936
399.73,400,0.002,20.29992284480469,5380,98455
399.47,400,0.002,20.300017170050282,5390,55030
399.73,400,0.002,20.30003403770539,5400,5249
400.27,400,0.002,20.29992373089475,5410,111314
400.27,400,0.002,20.299894849961643,5420,62950
399.73,400,0.002,20.300018675060432,5430,12978
400.27,400,0.002,20.29983252812773,5440,118374
399.73,400,0.002,20.29994504313117,5450,69016
399.73,400,0.002,20.299962523926933,5460,22921
399.73,400,0.002,20.29991264596024,5470,125077
399.73,400,0.002,20.300013041771162,5480,80190
399.73,400,0.002,20.30002333783305,5490,35747
399.47,400,0.002,20.30000628680636,5500,134829
400.8,400,0.002,20.29998172314285,5510,91740
399.73,400,0.002,20.300017509191033,5520,44839
399.73,400,0.002,20.29998475970111,5530,149490
399.73,400,0.002,20.30000495603446,5540,99125
399.73,400,0.002,20.299682369352603,5550,52588
399.73,400,0.002,20.2999499139392,5560,6744
399.73,400,0.002,20.29983108084916,5570,108903
400.27,400,0.002,20.299888223303203,5580,62325
400.27,400,0.002,20.29989272221334,5590,16512
399.73,400,0.002,20.300027341257422,5600,117773
399.73,400,0.002,20.29989509499454,5610,69348
400.27,400,0.002,20.299903765721552,5620,18432
399.73,400,0.002,20.2999457013347,5630,125583
399.73,400,0.002,20.29988486816029,5640,76600
399.73,400,0.002,20.299989711526,5650,32016
399.47,400,0.002,20.29995741518466,5660,132389
399.73,400,0.002,20.2999191872463,5670,89615
399.47,400,0.002,20.29994305564248,5680,42634
399.73,400,0.002,20.29988785769778,5690,144526
399.73,400,0.002,20.30002518952584,5700,98638
399.73,400,0.002,20.29995426320512,5710,49727
399.73,400,0.002,20.30001596625505,5720,4540
399.47,400,0.002,20.29995224769522,5730,109264
400.27,400,0.002,20.29990358172875,5740,59724
399.73,400,0.002,20.29994954861298,5750,13569
401.07,400,0.002,20.299960966790138,5760,116037
399.73,400,0.002,20.29997473103255,5770,71394
399.73,400,0.002,20.2999803115949,5780,20225
401.07,400,0.002,20.30000701403162,5790,125790
399.73,400,0.002,20.29982932605273,5800,76870
398.94,400,0.002,20.29999162210556,5810,185456
399.73,400,0.002,20.299923686603158,5820,136134
399.73,400,0.002,20.299924566861428,5830,86908
400.0,400,0.002,20.29992071990423,5840,42896
400.27,400,0.002,20.29988878469413,5850,145595
399.73,400,0.002,20.29992231908156,5860,93303
400.27,400,0.002,20.29989146268979,5870,46964
399.73,400,0.002,20.29992581649432,5880,2960
400.27,400,0.002,20.29989705371865,5890,102946
401.07,400,0.002,20.29996902414965,5900,57087
399.73,400,0.002,20.29995031460167,5910,10581
399.73,400,0.002,20.30010571603037,5920,117722
400.8,400,0.002,20.29999560489356,5930,66569
399.73,400,0.002,20.299967511918688,5940,20685
399.73,400,0.002,20.299935990399227,5950,124198
400.0,400,0.002,20.299856132966088,5960,74708
399.73,400,0.002,20.299927724198117,5970,30319
400.27,400,0.002,20.29990279581914,5980,134015
399.73,400,0.002,20.29985048522124,5990,84198
399.73,400,0.002,20.299945695136458,6000,37495
399.73,400,0.002,20.29999748493911,6010,143714
400.27,400,0.002,20.29991530477835,6020,93715
401.07,400,0.002,20.300108331122267,6030,46790
399.47,400,0.002,20.29997537215602,6040,1270
399.73,400,0.002,20.2999429743534,6050,101121
399.73,400,0.002,20.299973522463,6060,57527
399.73,400,0.002,20.29995255690922,6070,9104
399.73,400,0.002,20.30000782618603,6080,110596
399.73,400,0.002,20.29990947780106,6090,64699
399.73,400,0.002,20.299982737326378,6100,14592
400.53,400,0.002,20.29986193347173,6110,119818
401.07,400,0.002,20.299959144601807,6120,70435
399.73,400,0.002,20.29988793670091,6130,23993
399.73,400,0.002,20.29988031590201,6140,131460
399.73,400,0.002,20.299977823933368,6150,77562
399.73,400,0.002,20.299994668819718,6160,33175
401.07,400,0.002,20.299962844619536,6170,137528
400.53,400,0.002,20.299864168038457,6180,87351
399.73,400,0.002,20.299956395336856,6190,41523
399.73,400,0.002,20.299925194286647,6200,149634
399.73,400,0.002,20.300004459027047,6210,101313
399.47,400,0.002,20.299917893220606,6220,51129
399.73,400,0.002,20.299891572376996,6230,4306
399.73,400,0.002,20.300022249654535,6240,107207
400.0,400,0.002,20.299869151063948,6250,61842
399.73,400,0.002,20.299879237188378,6260,12981
399.73,400,0.002,20.299903293699046,6270,114935
400.27,400,0.002,20.2999161861604,6280,68440
401.07,400,0.002,20.299972334212228,6290,18328
400.27,400,0.002,20.299912235728186,6300,124378
399.73,400,0.002,20.299947148655146,6310,79859
399.73,400,0.002,20.299987002497257,6320,27314
400.0,400,0.002,20.299952844390987,6330,134221
400.0,400,0.002,20.299865885809478,6340,86729
399.73,400,0.002,20.299909381103628,6350,36966
399.73,400,0.002,20.299986264617026,6360,139843
399.73,400,0.002,20.299862249592437,6370,92894
399.73,400,0.002,20.299901848444676,6380,46771
399.73,400,0.002,20.29991522819728,6390,147961
398.94,400,0.002,20.300020749708377,6400,253078
400.0,400,0.002,20.299871335175748,6410,50971
400.0,400,0.002,20.299944647092946,6420,4301
399.73,400,0.002,20.300025512916218,6430,110162
400.0,400,0.002,20.300001873802568,6440,61019
399.73,400,0.002,20.299999369375076,6450,14111
400.0,400,0.002,20.299971668547077,6460,116477
400.0,400,0.002,20.299940466767456,6470,65288
399.73,400,0.002,20.299940249462605,6480,20413
399.73,400,0.002,20.299885339767478,6490,119314
399.73,400,0.002,20.300002741992415,6500,73459
398.94,400,0.002,20.299938901045266,6510,28071
400.0,400,0.002,20.299910161062787,6520,128665
399.73,400,0.002,20.299952741324308,6530,82725
399.73,400,0.002,20.299923502530085,6540,32959
401.07,400,0.002,20.299949892091796,6550,135259
400.0,400,0.002,20.299838922491766,6560,88818
400.0,400,0.002,20.299992115553167,6570,41280
400.0,400,0.002,20.299875535446585,6580,141869
400.0,400,0.002,20.299932043038215,6590,95902
400.0,400,0.002,20.299855948816237,6600,46552
400.0,400,0.002,20.299905488441386,6610,2024
400.0,400,0.002,20.299988980674627,6620,102317
400.0,400,0.002,20.299652867161097,6630,55646
400.0,400,0.002,20.299894637588157,6640,6532
400.0,400,0.002,20.299692243623557,6650,111759
400.0,400,0.002,20.299721907698707,6660,62499
401.34,400,0.002,20.299943888729906,6670,15097
400.0,400,0.002,20.299810848680487,6680,114890
400.27,400,0.002,20.299806224077997,6690,71648
400.27,400,0.002,20.299778356686257,6700,19526
399.73,400,0.002,20.299764703474708,6710,124453
400.27,400,0.002,20.299521480506158,6720,76398
400.0,400,0.002,20.299108069596635,6730,24627
400.0,400,0.002,20.298340623161558,6740,124979
400.27,400,0.002,20.297231921559977,6750,76276
400.0,400,0.002,20.296139253953715,6760,25957
400.27,400,0.002,20.294149325704858,6770,124059
400.53,400,0.002,20.291292178792727,6780,64227
400.53,400,0.002,20.287705827448576,6790,2522
400.53,400,0.002,20.284466574113758,6800,97957
400.27,400,0.002,20.28245025398583,6810,44102
400.53,400,0.002,20.27948829603237,6820,135595
400.53,400,0.002,20.275902937115088,6830,81240
400.53,400,0.002,20.272591203795308,6840,16659
400.8,400,0.002,20.26867147473816,6850,103759
400.27,400,0.002,20.26679272660962,6860,49819
400.27,400,0.002,20.26454998388454,6870,143348
400.53,400,0.002,20.261159090206768,6880,85012
400.53,400,0.002,20.25747477106215,6890,25166
400.53,400,0.002,20.25507101731271,6900,118986
400.53,400,0.002,20.25123879025101,6910,63957
400.27,400,0.002,20.246754314632348,6920,145136
400.53,400,0.002,20.242465008029146,6930,83958
400.53,400,0.002,20.238399392047608,6940,22008
400.53,400,0.002,20.234226138260848,6950,116686
400.0,400,0.002,20.23142329470521,6960,49953
400.53,400,0.002,20.22949215111942,6970,146095
400.53,400,0.002,20.225569949027328,6980,84701
399.73,400,0.002,20.22153747855299,6990,21545
400.53,400,0.002,20.21810526708281,7000,115627
400.53,400,0.002,20.21487933891699,7010,57592
400.27,400,0.002,20.21265855309764,7020,980
400.0,400,0.002,20.2111113627169,7030,97128
400.27,400,0.002,20.21010551504492,7040,49541
400.27,400,0.002,20.20816455426363,7050,144487
400.53,400,0.002,20.20593679965765,7060,88721
400.0,400,0.002,20.20401425169407,7070,34814
400.27,400,0.002,20.201774851701458,7080,129605
400.53,400,0.002,20.19995654701205,7090,76808
400.27,400,0.002,20.20039797585795,7100,30164
399.73,400,0.002,20.20009116172504,7110,137057
399.73,400,0.002,20.20010127742373,7120,89364
400.27,400,0.002,20.20007805241952,7130,36240
400.27,400,0.002,20.19999881061191,7140,138802
400.27,400,0.002,20.20000323823531,7150,96830
400.0,400,0.002,20.20006250323406,7160,44679
400.27,400,0.002,20.200059371726862,7170,608
400.27,400,0.002,20.20004157760588,7180,99995
400.27,400,0.002,20.20001423862806,7190,54087
400.27,400,0.002,20.200179476433302,7200,9409
400.0,400,0.000,20.26892983758148,7210,108731
400.27,400,0.000,20.26770491247803,7220,57819
400.27,400,0.000,20.26501028534867,7230,8389
400.27,400,0.000,20.26209778417823,7240,96148
400.53,400,0.000,20.259794927759692,7250,40610
400.53,400,0.000,20.25691113070849,7260,132911
400.53,400,0.000,20.254162014561622,7270,76481
400.27,400,0.000,20.25181197751712,7280,20231
400.27,400,0.000,20.24935499391774,7290,112528
400.27,400,0.000,20.24745783152663,7300,56835
400.0,400,0.000,20.24690461124852,7310,5759
400.53,400,0.000,20.244913687686562,7320,103431
400.53,400,0.000,20.242810427090223,7330,50255
400.27,400,0.000,20.241069820260343,7340,146291
400.27,400,0.000,20.2397766271587,7350,95243
400.53,400,0.000,20.237495969370272,7360,41209
400.27,400,0.000,20.23579439422226,7370,137861
400.27,400,0.000,20.233153317541223,7380,79215
400.27,400,0.000,20.230823108485,7390,26730
400.27,400,0.000,20.22989527185119,7400,127642
400.27,400,0.000,20.227627830703234,7410,66612
400.53,400,0.000,20.224782517784313,7420,8519
400.53,400,0.000,20.22246016662014,7430,107140
400.27,400,0.000,20.220043381915684,7440,48641
400.27,400,0.000,20.218087048190444,7450,144934
400.0,400,0.000,20.217431182094924,7460,95843
400.27,400,0.000,20.215694087489364,7470,46635
400.27,400,0.000,20.213977206230904,7480,141208
400.53,400,0.000,20.211188182719283,7490,83542
400.27,400,0.000,20.209402055515774,7500,29301
400.53,400,0.000,20.207235177409064,7510,120372
400.53,400,0.002,20.204297228205625,7520,60281
400.27,400,0.002,20.201943808904403,7530,9713
400.53,400,0.002,20.199991896098275,7540,107805
400.27,400,0.002,20.200042598961364,7550,57881
399.73,400,0.002,20.200093258852085,7560,10915
400.53,400,0.002,20.200149108840463,7570,117354
399.73,400,0.002,20.200215277446603,7580,66911
398.94,400,0.002,20.200038619645913,7590,21038
400.27,400,0.002,20.200052043784336,7600,124118
400.27,400,0.002,20.200028686523083,7610,74922
400.0,400,0.002,20.199990138611053,7620,28187
400.27,400,0.002,20.200052284650173,7630,130523
399.73,400,0.002,20.200206053282376,7640,84371
400.27,400,0.002,20.200049782857636,7650,38416
400.27,400,0.002,20.200140962496423,7660,139624
399.73,400,0.002,20.200017040295364,7670,244710
400.27,400,0.002,20.200022384315986,7680,44416
400.27,400,0.002,20.200034220804547,7690,146209
400.27,400,0.002,20.199993898524166,7700,99852
399.73,400,0.002,20.200066136903406,7710,52153
398.94,400,0.002,20.200001717959907,7720,12152
398.94,400,0.002,20.200031670542884,7730,112310
400.0,400,0.002,20.200090603729887,7740,64337
399.2,400,0.002,20.199991334183846,7750,18583
400.27,400,0.002,20.200018854030915,7760,122458
400.53,400,0.002,20.200067371606075,7770,75144
397.61,400,0.002,20.200086801685497,7780,25440
400.27,400,0.002,20.200029466750976,7790,131655
400.27,400,0.002,20.200026655119725,7800,81816
399.73,400,0.002,20.200109295084495,7810,37865
399.2,400,0.002,20.199991532436787,7820,137949
399.73,400,0.002,20.200069670573775,7830,91319
398.94,400,0.002,20.200014126400138,7840,42152
400.27,400,0.002,20.200306905703957,7850,145074
400.27,400,0.002,20.200068338911926,7860,98478
398.94,400,0.002,20.200001336153907,7870,49484
400.53,400,0.002,20.200208586453506,7880,1515
400.0,400,0.002,20.200190118539165,7890,107762
399.73,400,0.002,20.200074633790027,7900,59210
399.73,400,0.002,20.200092442310748,7910,14742
400.27,400,0.002,20.200146998008197,7920,114598
400.27,400,0.002,20.20002134832694,7930,68903
399.73,400,0.002,20.200141192456016,7940,25032
400.27,400,0.002,20.200132817363418,7950,123657
400.53,400,0.002,20.19997999459102,7960,80868
400.53,400,0.002,20.20008140268691,7970,32236
400.27,400,0.002,20.20007055392419,7980,137413
400.27,400,0.002,20.20002482792674,7990,88023
400.0,400,0.002,20.20025574063923,8000,38035
400.27,400,0.002,20.199973341303878,8010,142771
400.27,400,0.002,20.200069922600637,8020,95460
400.27,400,0.002,20.200031238836868,8030,46505
398.94,400,0.002,20.2000294261902,8040,2652
400.27,400,0.002,20.19999836719346,8050,103706
400.27,400,0.002,20.200042959164268,8060,61291
398.94,400,0.002,20.20001922085086,8070,12883
400.0,400,0.002,20.20012446713358,8080,114529
399.2,400,0.002,20.20002008911051,8090,67800
400.27,400,0.002,20.200058081801927,8100,18984
400.27,400,0.002,20.20008159862947,8110,123551
400.27,400,0.002,20.20003375123901,8120,76249
400.27,400,0.002,20.19998530772514,8130,32601
400.27,400,0.002,20.19998084368359,8140,131952
400.0,400,0.002,20.200046124318558,8150,85667
400.27,400,0.002,20.200111271576198,8160,38825
400.0,400,0.002,20.20007521221216,8170,140582
400.27,400,0.002,20.20006118996103,8180,95425
400.27,400,0.002,20.20007449994504,8190,48854
400.0,400,0.002,20.20009971758569,8200,151623
400.0,400,0.002,20.2001717880017,8210,100683
400.27,400,0.002,20.20029021463936,8220,56024
400.27,400,0.002,20.20006085693476,8230,9154
400.27,400,0.002,20.20006301806142,8240,115190
400.27,400,0.002,20.2001062449292,8250,62972
399.73,400,0.002,20.20021189496653,8260,17337
398.94,400,0.002,20.20003639677767,8270,122378
399.2,400,0.002,20.20001375051667,8280,73078
400.27,400,0.002,20.20007120173799,8290,25582
400.53,400,0.002,20.2000854416674,8300,134340
400.27,400,0.002,20.20000007605451,8310,81934
398.67,400,0.002,20.20011210371086,8320,36368
400.27,400,0.002,20.200148170546992,8330,141595
400.27,400,0.002,20.2000582862566,8340,90003
400.27,400,0.002,20.200032907671112,8350,45782
400.27,400,0.002,20.20011289821285,8360,148257
397.61,400,0.002,20.20007400594601,8370,100462
398.94,400,0.002,20.1999997076187,8380,49115
400.0,400,0.002,20.19998756401712,8390,3582
400.53,400,0.002,20.20005266455064,8400,109380
400.53,400,0.002,20.19998963203756,8410,59564
400.27,400,0.002,20.200090123422132,8420,15733
400.53,400,0.002,20.200094337056182,8430,122392
398.67,400,0.002,20.200085189699873,8440,72003
399.73,400,0.002,20.20005832780854,8450,26343
400.0,400,0.002,20.200113371072952,8460,131396
400.27,400,0.002,20.200042620557493,8470,79003
400.27,400,0.002,20.200126295310753,8480,32837
400.27,400,0.002,20.200156706734504,8490,140843
400.27,400,0.002,20.200003291967363,8500,89640
400.27,400,0.002,20.200085016902992,8510,42600
398.67,400,0.002,20.200098343303964,8520,150237
400.53,400,0.002,20.200136216766513,8530,103994
400.27,400,0.002,20.200145675465723,8540,49833
400.27,400,0.002,20.200135835309514,8550,5958
400.27,400,0.002,20.200104477387292,8560,106214
400.27,400,0.002,20.200107407549414,8570,60291
400.0,400,0.002,20.200076652730605,8580,15271
400.53,400,0.002,20.200229817299643,8590,112341
400.27,400,0.002,20.200044662476223,8600,69448
400.53,400,0.002,20.200035438535355,8610,23342
400.53,400,0.002,20.200044503890624,8620,125766
400.27,400,0.002,20.200097787591265,8630,79156
400.0,400,0.002,20.200163333441804,8640,33544
399.2,400,0.002,20.200003211194804,8650,133602
400.0,400,0.002,20.200053909276594,8660,86605
400.53,400,0.002,20.200073741065484,8670,44334
400.27,400,0.002,20.199999132400393,8680,142994
400.0,400,0.002,20.200062850701965,8690,97228
400.53,400,0.002,20.199986596906715,8700,46959
400.53,400,0.002,20.200154742464786,8710,615
398.67,400,0.002,20.200109374115556,8720,107128
400.27,400,0.002,20.200034542320804,8730,63641
399.2,400,0.002,20.200023729428306,8740,10271
400.27,400,0.002,20.200108344869186,8750,113677
399.2,400,0.002,20.199993745065385,8760,66314
399.73,400,0.002,20.200101668792346,8770,16001
400.53,400,0.002,20.200035259219156,8780,121346
398.67,400,0.002,20.200103949765605,8790,75940
400.53,400,0.002,20.200004797413765,8800,27446
400.27,400,0.002,20.200013899982906,8810,128524
400.27,400,0.002,20.200105780260134,8820,82447
399.2,400,0.002,20.199977605417295,8830,37454
400.27,400,0.002,20.200075299238808,8840,139158
400.53,400,0.002,20.200137089092017,8850,92935
400.53,400,0.002,20.200041167279615,8860,43850
400.27,400,0.002,20.200047482839455,8870,148475
399.2,400,0.002,20.200019547012307,8880,103151
399.47,400,0.002,20.199962445133007,8890,50387
400.53,400,0.002,20.199985968082007,8900,4333
400.53,400,0.002,20.200214184232035,8910,105862
399.2,400,0.002,20.199990185401496,8920,59586
400.53,400,0.002,20.199970791450557,8930,14146
399.2,400,0.002,20.200025708771335,8940,112526
398.94,400,0.002,20.200082763368115,8950,66450
399.73,400,0.002,20.200078795611546,8960,172186
400.8,400,0.002,20.200101799552176,8970,121692
398.67,400,0.002,20.200085098631817,8980,77585
398.67,400,0.002,20.20008932689595,8990,34322
399.47,400,0.002,20.199980886617578,9000,133301
400.8,400,0.002,20.200126239676667,9010,87517
400.53,400,0.002,20.200054998617276,9020,40443
399.2,400,0.002,20.199964165221388,9030,142480
400.53,400,0.002,20.199978865701667,9040,96318
399.2,400,0.002,20.199934146977547,9050,50781
400.53,400,0.002,20.200004515142567,9060,149776
400.53,400,0.002,20.200162586061797,9070,102695
400.53,400,0.002,20.199976062505748,9080,57469
400.53,400,0.002,20.20012385566814,9090,9899
399.47,400,0.002,20.199962122883857,9100,116094
398.67,400,0.002,20.20006511249768,9110,69292
400.53,400,0.002,20.200028971942277,9120,17782
398.67,400,0.002,20.20008708810283,9130,120312
400.0,400,0.002,20.200176293148477,9140,74753
400.27,400,0.002,20.20014120318778,9150,27997
399.2,400,0.002,20.19998501710587,9160,132718
399.2,400,0.002,20.1999975472075,9170,85291
400.53,400,0.002,20.200057724359628,9180,37545
400.8,400,0.002,20.20002996685054,9190,140166
398.94,400,0.002,20.20006720430945,9200,93929
400.53,400,0.002,20.20002176749689,9210,49678
400.53,400,0.002,20.20015569636555,9220,3044
400.53,400,0.002,20.2001656772944,9230,106387
400.53,400,0.002,20.20006443639045,9240,57853
400.0,400,0.002,20.20014860150616,9250,7788
399.47,400,0.002,20.19994629986951,9260,113889
400.53,400,0.002,20.200041171526948,9270,67564
399.2,400,0.002,20.19998892389214,9280,22042
400.27,400,0.002,20.200069490301328,9290,123908
398.94,400,0.002,20.20003220678838,9300,76456
400.8,400,0.002,20.199947120734958,9310,30199
400.8,400,0.002,20.19997150753225,9320,127841
400.8,400,0.002,20.19996597583688,9330,82074
400.8,400,0.002,20.20003499530187,9340,43483
400.8,400,0.002,20.19994651424974,9350,142641
400.8,400,0.002,20.19997231333137,9360,94265
400.0,400,0.002,20.20005100857357,9370,48500
400.27,400,0.002,20.20004493118529,9380,2032
399.73,400,0.002,20.20008438119252,9390,101736
400.27,400,0.002,20.2000036733441,9400,58483
400.0,400,0.002,20.200071643271862,9410,7377
400.27,400,0.002,20.20000491562007,9420,112180
398.67,400,0.002,20.2000599842498,9430,65497
398.67,400,0.002,20.20009491168818,9440,17330
400.53,400,0.002,20.1999701125967,9450,121701
400.53,400,0.002,20.20005276303845,9460,71694
400.0,400,0.002,20.200132408433152,9470,24447
400.27,400,0.002,20.199985067361872,9480,131996
399.2,400,0.002,20.19998676803887,9490,80385
398.67,400,0.002,20.20009190551037,9500,30839
398.94,400,0.002,20.20008676085949,9510,131754
400.53,400,0.002,20.2000664428089,9520,87128
398.94,400,0.002,20.20008269748041,9530,42163
398.94,400,0.002,20.20002657179599,9540,143223
397.88,400,0.002,20.20005757165119,9550,246828
400.8,400,0.002,20.19995447835296,9560,51610
400.27,400,0.002,20.20000823347931,9570,1318
400.27,400,0.002,20.20003146370805,9580,107664
400.27,400,0.002,20.20021503022549,9590,59319
398.94,400,0.002,20.200034645631792,9600,18840
399.73,400,0.002,20.20016103298737,9610,118122
400.53,400,0.002,20.20013933456849,9620,71380
400.53,400,0.002,20.19997683065475,9630,23277
398.94,400,0.002,20.199987319933513,9640,125526
400.27,400,0.002,20.200034921812943,9650,78040
397.88,400,0.002,20.200015034180563,9660,29301
400.27,400,0.002,20.20002605012824,9670,134621
400.53,400,0.002,20.200057107763882,9680,88881
400.53,400,0.002,20.20011379601885,9690,35200
400.27,400,0.002,20.200132466492793,9700,140821
400.27,400,0.002,20.199980288602593,9710,95625
400.53,400,0.002,20.20005377702305,9720,45665
400.53,400,0.002,20.200073670710584,9730,2093
400.27,400,0.002,20.200190412749674,9740,105124
398.67,400,0.002,20.200096098881485,9750,58336
400.8,400,0.002,20.19998067300166,9760,12295
400.53,400,0.002,20.19995614075164,9770,108221
400.0,400,0.002,20.200116155353083,9780,66664
400.0,400,0.002,20.200068853233244,9790,19266
400.53,400,0.002,20.200025520224095,9800,119017
398.94,400,0.002,20.200076091517673,9810,75433
400.0,400,0.002,20.200178669049745,9820,27590
400.53,400,0.002,20.200127011982264,9830,128311
400.8,400,0.002,20.200048821167215,9840,82250
399.47,400,0.002,20.199960191078123,9850,35322
399.47,400,0.002,20.199964030828472,9860,137825
400.27,400,0.002,20.199977085560864,9870,89359
400.53,400,0.002,20.199950508722264,9880,45575
400.27,400,0.002,20.200134254283682,9890,144410
398.94,400,0.002,20.199989138516674,9900,104124
400.0,400,0.002,20.200145623380973,9910,55870
400.53,400,0.002,20.200009078219853,9920,3543
400.53,400,0.002,20.200170454748424,9930,110593
400.0,400,0.002,20.200152607987775,9940,65190
400.53,400,0.002,20.200097468580843,9950,15026
398.67,400,0.002,20.200058145574715,9960,119385
398.94,400,0.002,20.200033073707875,9970,72147
399.47,400,0.002,20.199980704209246,9980,22165
400.27,400,0.002,20.199988332141704,9990,127975
400.0,400,0.002,20.200041654197445,10000,84837
398.94,400,0.002,20.200027333544334,10010,32004
400.27,400,0.002,20.200065497772744,10020,135685
400.53,400,0.002,20.200140159412545,10030,91412
400.27,400,0.002,20.199980794987635,10040,42217
400.27,400,0.002,20.200062753323994,10050,146798
400.53,400,0.002,20.200016240575845,10060,94029
399.47,400,0.002,20.199970705533744,10070,47047
400.53,400,0.002,20.199964999907245,10080,3510
400.53,400,0.002,20.200018671367825,10090,105302
400.53,400,0.002,20.200049156790044,10100,61146
400.0,400,0.002,20.200109275153125,10110,12485
400.53,400,0.002,20.200154474335076,10120,115016
398.94,400,0.002,20.200033326380385,10130,67881
400.27,400,0.002,20.200069634511625,10140,21956
400.53,400,0.002,20.200059058645966,10150,123025
399.47,400,0.002,20.199997786576134,10160,76067
400.53,400,0.002,20.200105919071405,10170,27769
399.2,400,0.002,20.199970329877125,10180,131225
400.27,400,0.002,20.200104162927836,10190,85155
400.27,400,0.002,20.200057766089564,10200,36516
400.0,400,0.002,20.200159460805196,10210,141138
399.47,400,0.002,20.199945874375697,10220,95808
398.67,400,0.002,20.200114724864907,10230,49298
400.53,400,0.002,20.200071313683246,10240,148194
399.47,400,0.002,20.200114631221226,10250,102223
400.53,400,0.002,20.200023815058955,10260,52674
398.94,400,0.002,20.200052376897876,10270,6556
399.2,400,0.002,20.199967720093515,10280,108484
400.53,400,0.002,20.199986564362476,10290,63177
398.94,400,0.002,20.200054653718038,10300,15980
400.53,400,0.002,20.200036428055068,10310,118613
400.53,400,0.002,20.200041771618498,10320,74224
400.53,400,0.002,20.200067864428995,10330,25595
400.53,400,0.002,20.200009021304936,10340,125148
398.67,400,0.002,20.200066610517368,10350,81438
400.27,400,0.002,20.200189557067986,10360,32575
400.8,400,0.002,20.199941810619695,10370,137447
400.53,400,0.002,20.200068878654406,10380,89122
399.47,400,0.002,20.199983351224176,10390,45276
400.0,400,0.002,20.200059508835025,10400,147061
400.0,400,0.002,20.200167504138395,10410,99312
400.0,400,0.002,20.200130183743127,10420,49488
398.94,400,0.002,20.200016806716665,10430,278
400.53,400,0.002,20.200088609718406,10440,108787
400.53,400,0.002,20.200066415593888,10450,64151
399.2,400,0.002,20.200000915284356,10460,10352
400.53,400,0.002,20.199951795959905,10470,112031
399.47,400,0.002,20.199979831876767,10480,65901
399.2,400,0.002,20.200003276080896,10490,20477
399.47,400,0.002,20.199985692187045,10500,121808
400.53,400,0.002,20.200052023587727,10510,75425
399.47,400,0.002,20.199983383346137,10520,29438
398.94,400,0.002,20.200053127663185,10530,135965
399.73,400,0.002,20.200085286969678,10540,88176
400.27,400,0.002,20.200041206887636,10550,38897
400.27,400,0.002,20.199964240294786,10560,142161
400.53,400,0.002,20.200027943606806,10570,94382
400.53,400,0.002,20.200226110518308,10580,47867
400.27,400,0.002,20.199978825088547,10590,147029
400.53,400,0.002,20.200077565937978,10600,99103
399.47,400,0.002,20.199948681393167,10610,55346
398.94,400,0.002,20.200084113181468,10620,10136
400.27,400,0.002,20.19997574468193,10630,111487
400.27,400,0.002,20.200082593153848,10640,65621
400.53,400,0.002,20.200055840516967,10650,16191
400.0,400,0.002,20.200153672123676,10660,124090
400.53,400,0.002,20.200024882339346,10670,77780
400.53,400,0.002,20.200121072766578,10680,25378
400.27,400,0.002,20.199998645908366,10690,132536
400.53,400,0.002,20.200191114937677,10700,83553
400.8,400,0.002,20.20011118954377,10710,33058
400.53,400,0.002,20.200121617810346,10720,139339
400.0,400,0.002,20.2000298295714,10730,93302
400.27,400,0.002,20.19998966536359,10740,43045
400.27,400,0.002,20.200106617053958,10750,149469
399.2,400,0.002,20.200001529325426,10760,99119
400.27,400,0.002,20.20001518225778,10770,49122
398.94,400,0.002,20.19999424415983,10780,3041
400.53,400,0.002,20.20003587676769,10790,107867
400.27,400,0.002,20.19998365253682,10800,58850
400.53,400,0.002,20.2000570753383,10810,14265
398.67,400,0.002,20.20007085333829,10820,119717
400.27,400,0.002,20.19999539460343,10830,70214
399.73,400,0.002,20.200078616665298,10840,172521
399.2,400,0.002,20.19996336794486,10850,125120
400.27,400,0.002,20.20012888544219,10860,79127
400.53,400,0.002,20.200084870891878,10870,30218
399.2,400,0.002,20.19996616202839,10880,131926
400.27,400,0.002,20.2001063017883,10890,85697
400.27,400,0.002,20.20004625262494,10900,43187
400.53,400,0.002,20.19995748935745,10910,142121
399.2,400,0.002,20.200014136873648,10920,95733
399.2,400,0.002,20.200023008062768,10930,45809
400.27,400,0.002,20.200228192038068,10940,2337
400.53,400,0.002,20.200052142376858,10950,104929
398.94,400,0.002,20.2000413147426,10960,54619
400.27,400,0.002,20.20008443183941,10970,10096
400.53,400,0.002,20.20008192764924,10980,113955
399.47,400,0.002,20.19998078565189,10990,69389
400.0,400,0.002,20.20016478331346,11000,21963
400.27,400,0.002,20.20001748728412,11010,122121
400.27,400,0.002,20.20018695904219,11020,75015
400.53,400,0.002,20.20005888376556,11030,29191
400.0,400,0.002,20.20018386139497,11040,129891
399.73,400,0.002,20.20013494667526,11050,85063
400.27,400,0.002,20.20015415611688,11060,36668
400.27,400,0.002,20.200149739144962,11070,137936
398.94,400,0.002,20.19999962913909,11080,98700
400.0,400,0.002,20.20003928174431,11090,48623
400.0,400,0.002,20.1999940127135,11100,146316
400.0,400,0.002,20.20006687486044,11110,103785
400.53,400,0.002,20.199968188699312,11120,52211
399.2,400,0.002,20.200019638397972,11130,3391
398.94,400,0.002,20.200018388779043,11140,109023
400.0,400,0.002,20.20010510934604,11150,59984
400.53,400,0.002,20.20015842912979,11160,14667
398.94,400,0.002,20.20004319102244,11170,115958
400.53,400,0.002,20.200012148334473,11180,68888
400.53,400,0.002,20.200024161500792,11190,22917
400.0,400,0.002,20.20011312659498,11200,129497
399.2,400,0.002,20.19997943814893,11210,84492
399.2,400,0.002,20.199999818674012,11220,32193
400.53,400,0.002,20.20008489517879,11230,129219
400.27,400,0.002,20.19999345046403,11240,91006
399.2,400,0.002,20.19998834410892,11250,38895
400.53,400,0.002,20.200008634742073,11260,141817
400.27,400,0.002,20.2001619542706,11270,95215
400.27,400,0.002,20.20009682377892,11280,47468
400.0,400,0.002,20.200213374702123,11290,1841
400.0,400,0.002,20.200452562557103,11300,105441
399.73,400,0.002,20.20010160623062,11310,55981
