404.59,400,26.060,20.43091705602925,10,65469
404.04,400,26.060,20.40036014195148,20,65292
401.61,400,26.060,20.3872430967213,30,129923
401.61,400,26.000,20.376238060243608,40,47829
401.61,400,25.940,20.36537995677593,50,111284
401.61,400,25.940,20.35440019979216,60,33632
401.61,400,26.000,20.34342745442779,70,100502
401.61,400,26.130,20.33239389510844,80,11729
401.88,400,26.440,20.32053590419078,90,75630
401.88,400,26.440,20.30749682689029,100,143438
399.73,400,26.690,20.3000048774257,110,69933
399.73,400,26.940,20.29989550935177,120,23133
400.0,400,27.250,20.29973689684038,130,132097
399.73,400,27.250,20.30001361530031,140,89338
399.73,400,27.560,20.3000014321326,150,49113
399.47,400,27.880,20.2998572113028,160,5645
398.41,400,28.190,20.29992571974803,170,268323
401.34,400,28.190,20.29991699348116,180,68522
400.0,400,28.560,20.29996347352452,190,22371
399.47,400,28.810,20.29991410051197,200,135627
399.47,400,28.810,20.29990764649336,210,90362
399.73,400,29.190,20.299995469764248,220,44422
399.73,400,29.560,20.300024371110368,230,7212
399.73,400,29.880,20.2999843946157,240,112541
399.73,400,29.880,20.29982239350975,250,71541
399.47,400,30.130,20.299955121926597,260,23281
399.47,400,30.440,20.30004788064381,270,134988
398.41,400,30.750,20.29998317970133,280,95660
399.47,400,30.750,20.299902297457606,290,45990
399.47,400,31.060,20.29997973631377,300,3896
399.73,400,31.440,20.299988704392266,310,113904
401.07,400,31.440,20.299912449518608,320,63598
400.0,400,31.750,20.299991998163527,330,19817
399.73,400,32.000,20.30000617252631,340,129423
400.0,400,32.310,20.29983493971075,350,82497
400.8,400,32.310,20.299989816494726,360,41752
400.8,400,32.630,20.299991149475797,370,150466
399.73,400,32.940,20.29993217263239,380,104562
399.47,400,33.250,20.300138846572448,390,59226
399.73,400,33.250,20.299977017945785,400,16602
399.73,400,33.500,20.299982084256637,410,123567
399.73,400,33.880,20.299915432889268,420,83223
399.47,400,33.880,20.29993186845097,430,40483
399.2,400,34.130,20.299924541862556,440,143811
400.0,400,34.500,20.299869336445767,450,102377
399.73,400,34.880,20.300033744276657,460,59114
400.53,400,34.880,20.300014738452106,470,13297
400.8,400,35.000,20.299995357110536,480,119982
400.8,400,35.190,20.299987431439195,490,80481
400.8,400,35.250,20.30008919972054,500,34980
400.0,400,35.250,20.299862842976196,510,144821
399.47,400,35.380,20.299963319639946,520,95943
401.07,400,35.560,20.300031019741848,530,57274
401.07,400,35.560,20.29995310791042,540,14445
401.07,400,35.810,20.299933445274846,550,119842
399.47,400,36.250,20.300059479969416,560,75295
399.47,400,36.500,20.299925138631618,570,31954
401.07,400,36.500,20.299950948116937,580,142786
401.07,400,36.750,20.300024385087816,590,92706
401.07,400,37.000,20.299954106074846,600,51281
400.8,400,37.250,20.300153311941898,610,11018
400.8,400,37.250,20.300051885907408,620,117417
400.53,400,37.500,20.300100173344987,630,78521
399.47,400,37.690,20.299927840191756,640,29634
399.73,400,37.690,20.299942068276106,650,136501
399.2,400,37.940,20.30003276825977,660,96115
399.47,400,38.190,20.299974391064666,670,55109
399.73,400,38.380,20.299949857970066,680,9623
401.07,400,38.380,20.299959286044526,690,116093
399.2,400,38.630,20.299988905555868,700,74978
399.2,400,38.880,20.300021575728557,710,35133
399.47,400,39.060,20.299860165102686,720,139772
399.47,400,39.060,20.299971477734818,730,96770
400.0,400,39.310,20.299820495707078,740,55097
399.73,400,39.560,20.299948110858615,750,13397
399.47,400,39.560,20.299936698104915,760,118115
399.47,400,39.810,20.299865692934628,770,79299
399.2,400,40.060,20.299894362125947,780,33865
399.47,400,40.380,20.299883143067245,790,140184
399.47,400,40.380,20.299929895972767,800,95732
399.47,400,40.560,20.300042515606407,810,52088
399.47,400,40.690,20.300014186281757,820,11448
399.2,400,40.750,20.299857091204917,830,116779
399.47,400,40.750,20.299999547731524,840,70610
401.34,400,40.880,20.299899985336097,850,31728
401.34,400,41.000,20.299934658374415,860,137875
399.47,400,41.000,20.299977901844127,870,94398
400.0,400,41.130,20.299869650748185,880,48048
399.47,400,41.310,20.299975781546976,890,6174
399.73,400,41.500,20.299930463774825,900,115721
399.2,400,41.500,20.300020626141436,910,70843
399.2,400,41.810,20.300027134143367,920,23525
400.53,400,42.000,20.300054114865706,930,133857
400.27,400,42.250,20.300044368716136,940,91510
400.53,400,42.250,20.300047308583945,950,47889
400.27,400,42.500,20.300049510575015,960,2567
400.53,400,42.690,20.299937164766774,970,109136
399.73,400,42.810,20.300085698891067,980,218714
401.07,400,42.810,20.299908671363266,990,23108
401.07,400,43.000,20.299979678665945,1000,127720
399.2,400,43.190,20.299972794037174,1010,90644
399.47,400,43.190,20.300021158656104,1020,43082
399.2,400,43.380,20.300001242325457,1030,3420
400.8,400,43.630,20.299955834075057,1040,107562
399.73,400,43.810,20.299920090015064,1050,63534
399.2,400,43.810,20.299906885418586,1060,21596
400.27,400,44.000,20.300086921832435,1070,127638
399.73,400,44.060,20.299862670856378,1080,83785
398.14,400,44.250,20.300037972628036,1090,43375
400.53,400,44.250,20.300059025159598,1100,150481
401.07,400,44.500,20.299902210650835,1110,100373
399.2,400,44.630,20.299947607502897,1120,57943
399.2,400,44.630,20.300045343829115,1130,17905
399.2,400,44.810,20.299998708400487,1140,126172
399.47,400,45.000,20.300045567520666,1150,83019
400.53,400,45.190,20.300020570252578,1160,37188
399.47,400,45.190,20.300044731473715,1170,144993
401.61,400,45.310,20.299897163821168,1180,105350
399.2,400,45.500,20.300005603928525,1190,58551
399.73,400,45.630,20.300085554848298,1200,12268
399.73,400,45.630,20.299979163555907,1210,123533
400.8,400,45.880,20.300006946325617,1220,77232
399.47,400,46.000,20.299974015435968,1230,35102
399.73,400,46.000,20.299943260271647,1240,143790
399.73,400,46.190,20.300005959664226,1250,99693
400.0,400,46.310,20.299901866016825,1260,57106
400.0,400,46.500,20.299857741011508,1270,11543
400.0,400,46.500,20.299917898158956,1280,118671
400.0,400,46.630,20.299860350913775,1290,78771
400.0,400,46.810,20.299917457319605,1300,31488
400.53,400,47.000,20.299707235075605,1310,139588
400.0,400,47.000,20.299537284241747,1320,94873
400.0,400,47.130,20.299264068255077,1330,51243
400.27,400,47.310,20.298804823084815,1340,1077
400.27,400,47.310,20.298206914606126,1350,110109
400.0,400,47.440,20.297678178848795,1360,63265
400.27,400,47.630,20.297064066823605,1370,18145
400.27,400,47.750,20.296296112659835,1380,120054
400.0,400,47.750,20.295175281298015,1390,75248
400.0,400,47.880,20.294391436141677,1400,25303
400.27,400,48.000,20.293264315946438,1410,131453
400.0,400,48.130,20.291876999907526,1420,77397
400.0,400,48.130,20.290456644921587,1430,35126
400.0,400,48.310,20.289130023050387,1440,137287
400.53,400,48.500,20.287912440687066,1450,84867
400.27,400,48.500,20.287107163754825,1460,38148
400.27,400,48.690,20.285352757011246,1470,140689
400.27,400,48.810,20.284144730414507,1480,94155
400.27,400,48.940,20.283348553451358,1490,42711
400.27,400,48.940,20.281930929861566,1500,149221
400.27,400,49.060,20.281149528110067,1510,104007
400.0,400,49.190,20.28087639775404,1520,54870
400.27,400,49.380,20.27996363878575,1530,11023
400.27,400,49.380,20.279370573652276,1540,118458
400.27,400,49.560,20.27834598823661,1550,71051
400.27,400,49.690,20.27770754123365,1560,23153
400.27,400,49.690,20.276969742837167,1570,128084
400.27,400,49.750,20.27589221012196,1580,84540
400.53,400,49.880,20.273998599535258,1590,33049
400.27,400,50.000,20.273187758537897,1600,131226
400.27,400,50.000,20.27194001914391,1610,89986
400.0,400,50.130,20.271345741783367,1620,42816
400.0,400,50.250,20.270576361427608,1630,145457
400.27,400,50.380,20.270022826550427,1640,97542
400.27,400,50.380,20.268718572490577,1650,52758
400.27,400,50.500,20.26788000779525,1660,7056
400.27,400,50.690,20.26672985299624,1670,106788
399.2,400,50.810,20.265509340749997,1680,212253
400.0,400,50.810,20.264049423933738,1690,10848
400.27,400,50.940,20.262984325086897,1700,116725
400.0,400,51.130,20.262286454960268,1710,69122
400.0,400,51.130,20.26118010935997,1720,20032
400.0,400,51.250,20.260594739980128,1730,125366
400.0,400,51.310,20.259896617784758,1740,77130
400.27,400,51.500,20.25869308465376,1750,27511
400.0,400,51.500,20.25729322464396,1760,129721
400.0,400,51.630,20.25580451789983,1770,85078
400.53,400,51.690,20.254205262837058,1780,33566
400.27,400,51.810,20.252419527480278,1790,135236
400.27,400,51.810,20.25063868634594,1800,86005
400.0,400,51.880,20.24906798611068,1810,35651
400.27,400,52.000,20.24738262791426,1820,134472
400.0,400,52.000,20.24614849222617,1830,91557
400.27,400,52.130,20.24494497535159,1840,41480
400.27,400,52.250,20.24429011592214,1850,142724
400.0,400,52.380,20.24350634891737,1860,99328
400.0,400,52.380,20.243591314412228,1870,56982
400.0,400,52.560,20.24344547555561,1880,8622
400.27,400,52.690,20.24278895738849,1890,114257
400.0,400,52.750,20.24158000586497,1900,65852
400.27,400,52.750,20.24062833921451,1910,22128
400.27,400,52.880,20.23902516518537,1920,119855
400.0,400,53.000,20.23718986265687,1930,70555
400.27,400,53.000,20.23486858865328,1940,20648
400.27,400,53.130,20.23311570222001,1950,114493
400.53,400,53.250,20.23097803529464,1960,64439
400.27,400,53.312,20.22900377511111,1970,17219
400.0,400,53.312,20.22825120599112,1980,122651
400.27,400,53.502,20.228400916046482,1990,79751
400.27,400,50.562,20.228055491935383,2000,35639
400.27,400,48.752,20.228070843907922,2010,137798
400.0,400,48.752,20.22751512295407,2020,95787
400.0,400,47.632,20.22803699849867,2030,51299
400.0,400,46.812,20.22772342137745,2040,8676
400.27,400,46.812,20.226830726310972,2050,112836
400.0,400,46.252,20.22582009668985,2060,65755
400.27,400,45.632,20.22441482239875,2070,14161
400.27,400,45.192,20.223094734310113,2080,119488
400.27,400,45.192,20.22226962721881,2090,71931
400.0,400,44.692,20.22167139615593,2100,34592
400.0,400,44.312,20.22118607339506,2110,131143
400.0,400,44.002,20.221555720025663,2120,87933
400.0,400,44.002,20.22178487146079,2130,44389
400.0,400,43.752,20.22150005401263,2140,979
400.0,400,43.442,20.22153824731972,2150,106197
399.73,400,43.442,20.22172274051941,2160,62387
400.27,400,43.132,20.22217540887541,2170,19031
400.0,400,42.882,20.22214420810091,2180,135707
400.0,400,42.632,20.222367668037062,2190,85125
400.0,400,42.632,20.22160171825707,2200,36117
400.0,400,42.442,20.221542822105953,2210,144017
400.27,400,42.192,20.22154121980158,2220,101839
400.27,400,41.942,20.220738697498422,2230,55847
399.73,400,41.942,20.21926645480486,2240,5166
400.0,400,41.752,20.21888088122771,2250,115381
