404.04,400,0.000,20.42122675552278,10,105516
401.34,400,0.000,20.39825257148085,20,123544
401.34,400,0.000,20.390276110443068,30,48831
401.07,400,0.000,20.38188370364944,40,117396
401.07,400,0.000,20.37387966878476,50,42531
401.34,400,0.000,20.36563354410567,60,115180
401.07,400,0.000,20.35824949879612,70,41080
401.34,400,0.000,20.35026172231631,80,117196
401.07,400,0.000,20.34326247301191,90,46614
401.07,400,0.000,20.33604911984712,100,122459
400.8,400,0.000,20.329326798455,110,52166
401.07,400,0.000,20.32222682229922,120,124457
401.07,400,0.000,20.31543505944527,130,54756
401.07,400,0.000,20.30824581889988,140,132578
401.07,400,0.000,20.30148304789124,150,63387
400.8,400,0.000,20.29992337856529,160,7622
398.14,400,0.000,20.30002049112032,170,261875
400.53,400,0.000,20.30001573036595,180,66148
400.27,400,0.000,20.30010740032531,190,15372
400.53,400,0.000,20.29996978794313,200,121630
400.8,400,0.000,20.29992321546363,210,75365
398.94,400,0.000,20.30006827368054,220,28616
399.47,400,0.000,20.29992401740281,230,132118
400.8,400,0.000,20.30002172114639,240,82895
400.53,400,0.000,20.30010213134318,250,38133
400.8,400,0.000,20.29996371413908,260,138723
400.53,400,0.000,20.3000108359725,270,95951
398.41,400,0.000,20.30009389475472,280,46857
398.94,400,0.000,20.300084105821238,290,1008
399.2,400,0.000,20.300060938286858,300,104953
401.07,400,0.000,20.30002224511056,310,58447
400.27,400,0.000,20.300138385955268,320,7916
400.53,400,0.002,20.29998771279951,330,111119
400.53,400,0.002,20.30001569037055,340,64376
398.94,400,0.002,20.3000659387798,350,19658
400.27,400,0.002,20.30004118261836,360,128237
401.07,400,0.002,20.299950676225,370,77216
399.2,400,0.002,20.30000824909725,380,29445
399.2,400,0.002,20.30004851903461,390,128830
400.27,400,0.002,20.30013755531084,400,85842
399.47,400,0.002,20.29996372457418,410,36587
400.53,400,0.002,20.29995107330673,420,139031
400.0,400,0.002,20.30006726690628,430,94018
398.94,400,0.002,20.30006795438044,440,44139
399.2,400,0.002,20.29994651520968,450,150020
400.0,400,0.002,20.30015905998935,460,110532
400.53,400,0.002,20.30004171315769,470,53162
400.53,400,0.002,20.29996648326911,480,7572
400.53,400,0.002,20.300051086976612,490,112444
399.47,400,0.002,20.29995595300728,500,62262
400.8,400,0.002,20.29994205412067,510,16965
398.94,400,0.002,20.29997294143035,520,118887
400.8,400,0.002,20.30000799174116,530,69153
400.53,400,0.002,20.30004553404459,540,25987
400.8,400,0.002,20.29999782089,550,127265
399.47,400,0.002,20.29997345617394,560,80106
400.53,400,0.002,20.30010654471691,570,34477
400.27,400,0.002,20.3001657021748,580,135897
398.94,400,0.002,20.30006778192907,590,89546
399.47,400,0.002,20.29992213275046,600,44043
399.2,400,0.002,20.29999061399114,610,146134
399.2,400,0.002,20.299957506158492,620,96268
400.8,400,0.002,20.299973309028562,630,51113
398.94,400,0.002,20.2999970417475,640,1242
400.27,400,0.002,20.30006984718543,650,103565
399.47,400,0.002,20.29996928868118,660,67641
399.47,400,0.002,20.29998007048476,670,16488
400.53,400,0.002,20.30009012577808,680,116247
398.94,400,0.002,20.300030009767262,690,70690
400.53,400,0.002,20.30000625543824,700,24332
400.27,400,0.002,20.300137109676232,710,127102
400.53,400,0.002,20.299978648718092,720,76289
400.27,400,0.002,20.30012218476801,730,33859
400.0,400,0.002,20.30007120587384,740,137560
399.73,400,0.002,20.299908394749362,750,84901
400.27,400,0.002,20.3000491096508,760,39650
400.27,400,0.002,20.30010410872832,770,144151
398.94,400,0.002,20.299959092007512,780,97938
400.27,400,0.002,20.30008791723279,790,47740
400.8,400,0.002,20.29999964904972,800,2115
399.47,400,0.002,20.2999155616947,810,107394
400.8,400,0.002,20.30004462477395,820,61594
400.8,400,0.002,20.30004481547104,830,11365
399.47,400,0.002,20.29994300710356,840,113599
400.8,400,0.002,20.299922734936,850,66542
400.53,400,0.002,20.30001788662755,860,22562
398.14,400,0.002,20.30005543916017,870,127419
399.47,400,0.002,20.29994331773799,880,76899
399.47,400,0.002,20.29997109796349,890,32203
398.94,400,0.002,20.30007984068526,900,134626
399.2,400,0.002,20.300026125550822,910,88588
400.53,400,0.002,20.30005852505656,920,39856
399.2,400,0.002,20.30003969531996,930,148439
400.27,400,0.002,20.3000623355293,940,100889
398.94,400,0.002,20.30005094866791,950,54240
398.94,400,0.002,20.30004837277918,960,5157
398.67,400,0.002,20.300089839922652,970,115995
399.2,400,0.002,20.30004363724704,980,58940
398.94,400,0.002,20.300059049680343,990,12794
399.2,400,0.002,20.29999612155665,1000,118078
400.27,400,0.002,20.29990261586427,1010,69091
400.0,400,0.002,20.29986071500454,1020,21503
399.73,400,0.002,20.2999878652811,1030,124359
399.2,400,0.002,20.29997039291718,1040,75120
399.73,400,0.002,20.30001383888367,1050,31759
400.0,400,0.002,20.29995419747446,1060,137994
399.47,400,0.002,20.30001812496314,1070,91631
399.73,400,0.002,20.30000661641941,1080,39312
400.0,400,0.002,20.29984579876897,1090,142446
400.0,400,0.002,20.299999830397102,1100,97817
401.07,400,0.002,20.29996305786203,1110,49969
401.07,400,0.002,20.29995778063652,1120,1742
399.47,400,0.002,20.29998387353427,1130,105778
400.0,400,0.002,20.299702288586932,1140,55471
400.0,400,0.002,20.29983065288093,1150,8831
400.0,400,0.002,20.29992379532015,1160,115208
400.0,400,0.002,20.299813812269832,1170,65086
401.34,400,0.002,20.29995564788356,1180,19609
399.73,400,0.002,20.29999244592006,1190,120517
400.0,400,0.002,20.29989330313082,1200,76118
400.53,400,0.002,20.29987296558509,1210,22634
400.0,400,0.002,20.29999639975153,1220,128467
400.53,400,0.002,20.2998777111789,1230,78171
400.27,400,0.002,20.29990245939012,1240,32046
400.0,400,0.002,20.2998608322127,1250,139913
400.27,400,0.002,20.29973798171735,1260,87998
399.73,400,0.002,20.29995029636293,1270,45341
400.0,400,0.002,20.300010889694068,1280,144577
400.0,400,0.002,20.29939999329555,1290,95291
399.73,400,0.002,20.2995682611502,1300,46860
400.0,400,0.002,20.29988366721988,1310,3165
400.0,400,0.002,20.29908816370807,1320,103651
400.0,400,0.002,20.29898588478738,1330,50645
400.0,400,0.002,20.29948187441217,1340,8634
400.0,400,0.002,20.29843198533084,1350,107225
400.27,400,0.002,20.2989569498535,1360,60845
400.27,400,0.002,20.29796117679593,1370,13758
400.0,400,0.002,20.29640314594471,1380,109745
400.0,400,0.002,20.29680173969278,1390,63377
400.27,400,0.002,20.2955801817169,1400,13439
400.0,400,0.002,20.29540935063524,1410,112214
400.0,400,0.002,20.29537888264557,1420,61712
400.27,400,0.002,20.29499521851024,1430,15528
400.27,400,0.002,20.29321487523487,1440,114587
400.0,400,0.002,20.293424907720592,1450,64365
399.2,400,0.002,20.2923555142717,1460,162883
400.27,400,0.002,20.29226762749328,1470,115479
400.0,400,0.002,20.29080448637072,1480,63159
400.0,400,0.002,20.29012264299068,1490,12741
400.0,400,0.002,20.28831049652144,1500,113653
400.0,400,0.002,20.288067138884262,1510,63488
399.73,400,0.002,20.287798556793952,1520,16919
400.27,400,0.002,20.28746898058439,1530,120832
400.0,400,0.002,20.28564503120737,1540,64271
400.27,400,0.002,20.28456551215866,1550,12745
399.73,400,0.002,20.284025447969523,1560,120631
400.0,400,0.002,20.28327024438115,1570,61277
400.0,400,0.002,20.281624725864422,1580,10615
400.27,400,0.002,20.28156566250042,1590,110174
400.27,400,0.002,20.28002446699389,1600,59509
400.27,400,0.002,20.278415267654253,1610,6055
400.0,400,0.002,20.27754796528682,1620,105389
400.27,400,0.002,20.27638139893731,1630,55249
400.27,400,0.002,20.275114556829394,1640,1334
400.0,400,0.002,20.27444925886229,1650,106111
400.0,400,0.002,20.2735803425304,1660,49108
400.27,400,0.002,20.2724269011251,1670,150171
400.27,400,0.002,20.27134651855616,1680,102066
400.0,400,0.002,20.27096567378243,1690,51644
400.0,400,0.002,20.271129744140794,1700,5996
400.27,400,0.002,20.269793160082042,1710,103655
400.0,400,0.002,20.269012115881043,1720,53564
400.0,400,0.002,20.268540031349783,1730,2516
399.73,400,0.002,20.268651838923244,1740,109592
400.27,400,0.002,20.268410310642853,1750,58121
400.27,400,0.002,20.266320058407274,1760,5080
400.0,400,0.002,20.266459669718362,1770,105317
400.27,400,0.002,20.265069143546043,1780,51698
400.27,400,0.002,20.264228249718943,1790,3569
400.27,400,0.002,20.263034983096514,1800,103016
400.27,400,0.002,20.261686257844282,1810,48331
400.27,400,0.002,20.260687350323483,1820,2123
399.73,400,0.002,20.260088709018085,1830,101089
400.27,400,0.002,20.259986612408014,1840,48652
400.0,400,0.002,20.260282192321664,1850,7121
400.0,400,0.002,20.259611702511904,1860,103394
400.27,400,0.002,20.258603284807414,1870,54197
400.27,400,0.002,20.257779309076394,1880,7139
400.0,400,0.002,20.256714216881495,1890,102480
400.27,400,0.002,20.255786633178452,1900,55422
400.27,400,0.002,20.253860181409063,1910,1334
400.27,400,0.002,20.252564926757444,1920,96217
400.0,400,0.002,20.252349564828833,1930,50427
400.0,400,0.002,20.252290622550383,1940,623
400.0,400,0.002,20.252186255929143,1950,106648
400.0,400,0.002,20.252340981798543,1960,52593
400.27,400,0.002,20.251144626885583,1970,2943
400.0,400,0.002,20.250137206228725,1980,98859
400.0,400,0.002,20.250121545377223,1990,52989
400.27,400,0.002,20.249977741633835,2000,12423
400.0,400,0.002,20.249575753281423,2010,107759
400.0,400,0.002,20.249348223450365,2020,58639
400.27,400,0.002,20.249373753983473,2030,11808
400.0,400,0.002,20.249699317185126,2040,114847
399.2,400,0.002,20.249768679891613,2050,68099
400.0,400,0.002,20.249510150686973,2060,25310
400.27,400,0.002,20.248701762011404,2070,121115
400.0,400,0.002,20.247181068625043,2080,66571
399.73,400,0.002,20.247026013819653,2090,17576
400.0,400,0.002,20.247523189206845,2100,122770
400.0,400,0.002,20.247792323415155,2110,73021
400.0,400,0.002,20.247608558306244,2120,26739
400.27,400,0.002,20.246595798577584,2130,131693
400.0,400,0.002,20.246083083773446,2140,78706
400.0,400,0.002,20.246122946242835,2150,27068
400.27,400,0.002,20.245482959312273,2160,137507
400.0,400,0.002,20.244983914499606,2170,79028
400.0,400,0.002,20.243634283557476,2180,30157
400.0,400,0.002,20.244142567977626,2190,135454
400.0,400,0.002,20.244909716740136,2200,87344
400.0,400,0.002,20.244592441925523,2210,38929
400.0,400,0.002,20.243894799388773,2220,139986
399.73,400,0.002,20.244500734507994,2230,93011
400.0,400,0.002,20.245794872555056,2240,51547
400.0,400,0.002,20.247043269489474,2250,10792
400.0,400,0.002,20.247637669258275,2260,110845
400.27,400,0.002,20.247750513815433,2270,64509
400.0,400,0.002,20.247252598632006,2280,16528
400.0,400,0.002,20.247632245463233,2290,118668
400.0,400,0.002,20.248129030399696,2300,72252
399.73,400,0.002,20.248683343934264,2310,26625
400.27,400,0.002,20.248934474195813,2320,132711
400.0,400,0.002,20.248352594044686,2330,82196
400.0,400,0.002,20.247996324367705,2340,34156
400.0,400,0.002,20.248109531158946,2350,137252
400.0,400,0.002,20.248606949062744,2360,96566
400.0,400,0.002,20.249171047587094,2370,44519
400.0,400,0.002,20.248796534556334,2380,147416
400.27,400,0.002,20.247165476093784,2390,91322
400.0,400,0.002,20.245771485674176,2400,42786
400.0,400,0.002,20.244916654385495,2410,138796
400.0,400,0.002,20.244433712725986,2420,92890
400.0,400,0.002,20.244444059515025,2430,44417
400.27,400,0.002,20.244330931217373,2440,142604
400.0,400,0.002,20.244246683294435,2450,96323
400.27,400,0.002,20.243094847624175,2460,49751
400.0,400,0.002,20.241760278743776,2470,148240
400.0,400,0.002,20.241475492757964,2480,98506
400.0,400,0.002,20.241116846729515,2490,53710
400.0,400,0.002,20.240292067275924,2500,1452
399.73,400,0.002,20.240914644798675,2510,104710
400.0,400,0.002,20.240997988909335,2520,58068
400.0,400,0.002,20.241422623871745,2530,11659
400.0,400,0.002,20.241433414867984,2540,113274
400.27,400,0.002,20.240353723849523,2550,62566
400.0,400,0.002,20.238873204732645,2560,9137
400.27,400,0.002,20.238745301453687,2570,109483
400.27,400,0.002,20.237808059939955,2580,59526
400.27,400,0.002,20.236036747402544,2590,7111
400.0,400,0.002,20.234561871797144,2600,109682
400.0,400,0.002,20.233708407600794,2610,60056
400.0,400,0.002,20.233722215014506,2620,6861
400.0,400,0.002,20.233719581313924,2630,115427
399.2,400,0.002,20.234017136169715,2640,64844
400.27,400,0.002,20.233862855264846,2650,17745
400.27,400,0.002,20.233191531125215,2660,120122
400.27,400,0.002,20.231613129234734,2670,65462
400.27,400,0.002,20.230107224025375,2680,14864
400.0,400,0.002,20.229847307692317,2690,117854
400.0,400,0.002,20.229351327378847,2700,66581
400.0,400,0.002,20.229507094301287,2710,18747
400.0,400,0.002,20.229308562527734,2720,119966
400.27,400,0.002,20.227787417985585,2730,62504
400.27,400,0.002,20.226073020671805,2740,13720
400.27,400,0.002,20.224937161924895,2750,111037
400.27,400,0.002,20.224226730482076,2760,60912
400.27,400,0.002,20.223259567554557,2770,30162
400.27,400,0.002,20.221749866499046,2780,109700
400.0,400,0.002,20.220287678293065,2790,59691
400.27,400,0.002,20.219309656513236,2800,5847
400.0,400,0.002,20.217832058505415,2810,108372
400.27,400,0.002,20.216978209114277,2820,57709
400.27,400,0.002,20.215109260260085,2830,577
400.27,400,0.002,20.214069610730565,2840,105376
400.27,400,0.002,20.213512188932196,2850,53150
400.0,400,0.002,20.213084132139958,2860,3382
400.0,400,0.002,20.213199391354827,2870,109167
400.27,400,0.002,20.212175798987246,2880,54355
400.53,400,0.002,20.209727060491925,2890,832
400.27,400,0.002,20.207597588508847,2900,92879
400.27,400,0.002,20.20708295506674,2910,45496
400.0,400,0.002,20.206270364863926,2920,145998
400.0,400,0.002,20.204808146357767,2930,91999
400.27,400,0.002,20.20394306906776,2940,40210
400.27,400,0.002,20.203215778052666,2950,142409
400.27,400,0.002,20.201583639354848,2960,87332
400.0,400,0.002,20.20044610338723,2970,41285
400.0,400,0.002,20.200161390740277,2980,140613
400.27,400,0.002,20.20003926827289,2990,89770
400.0,400,0.002,20.200106033229286,3000,43578
400.27,400,0.002,20.200033877165186,3010,147598
400.0,400,0.002,20.199997008669076,3020,100744
400.27,400,0.002,20.200093466147617,3030,54342
400.27,400,0.002,20.200005816989336,3040,4731
399.47,400,0.002,20.200113910152307,3050,111398
400.0,400,0.002,20.200189066642697,3060,60643
400.27,400,0.002,20.200057838294157,3070,14501
399.73,400,0.002,20.200064126282996,3080,117106
399.73,400,0.002,20.200106853745737,3090,69118
400.27,400,0.002,20.200070643170466,3100,20506
400.27,400,0.002,20.199973983237026,3110,126900
399.47,400,0.002,20.200018448848898,3120,232920
400.27,400,0.002,20.20000724439585,3130,27481
400.53,400,0.002,20.2000852056736,3140,133983
400.0,400,0.002,20.20011232027234,3150,88212
400.0,400,0.002,20.200133985061576,3160,40043
400.0,400,0.002,20.200986064767946,3170,143454
400.0,400,0.002,20.200454537377066,3180,97125
400.27,400,0.002,20.200001635152677,3190,45165
400.27,400,0.002,20.200040975943846,3200,4466
398.94,400,0.002,20.200039733692307,3210,100873
399.73,400,0.002,20.200620038216627,3220,59346
399.2,400,0.002,20.20073251833054,3230,8287
398.94,400,0.002,20.200018079418438,3240,110264
398.67,400,0.002,20.200049749304778,3250,64149
400.0,400,0.002,20.20010198564246,3260,20913
399.73,400,0.002,20.200099797702126,3270,123989
399.73,400,0.002,20.200566043637888,3280,77664
399.73,400,0.002,20.201444678562307,3290,33128
400.0,400,0.002,20.201155840623677,3300,131222
400.0,400,0.002,20.200018918735516,3310,81630
400.27,400,0.002,20.20004118741342,3320,35342
400.0,400,0.002,20.20016822405209,3330,139350
400.0,400,0.002,20.200316220154487,3340,94645
400.0,400,0.002,20.200108041825498,3350,44481
400.0,400,0.002,20.20017782457094,3360,147170
399.73,400,0.002,20.20053210783764,3370,99081
400.27,400,0.002,20.200335422877856,3380,54326
400.0,400,0.002,20.200057788774547,3390,3966
400.0,400,0.002,20.200277590129737,3400,108126
398.94,400,0.002,20.20002690504212,3410,63090
400.27,400,0.002,20.200057963700328,3420,12310
400.27,400,0.002,20.20010529916014,3430,118598
400.53,400,0.002,20.20005636371332,3440,68435
400.53,400,0.002,20.200335344534338,3450,22258
400.0,400,0.002,20.200279475190417,3460,127780
399.73,400,0.002,20.200072068765667,3470,77998
398.41,400,0.002,20.20008402150264,3480,29893
399.47,400,0.002,20.20013981571384,3490,132711
400.0,400,0.002,20.20013384210769,3500,87268
400.27,400,0.002,20.199989567681957,3510,43780
400.53,400,0.002,20.20001610403656,3520,140457
400.0,400,0.002,20.200116809742028,3530,95291
399.47,400,0.002,20.20011512039008,3540,48348
400.53,400,0.002,20.199969690477698,3550,151004
400.27,400,0.002,20.199994717714418,3560,108115
400.0,400,0.002,20.20040384121129,3570,61173
400.27,400,0.002,20.20009952683974,3580,9116
400.0,400,0.002,20.200043882175038,3590,110320
400.27,400,0.002,20.20004014936178,3600,63652
400.27,400,0.002,20.20009799670508,3610,16231
400.27,400,0.002,20.19999083585024,3620,118407
400.0,400,0.002,20.20076764304815,3630,73165
400.0,400,0.002,20.20051294463503,3640,25890
400.0,400,0.002,20.20002288296719,3650,126978
399.2,400,0.002,20.19998790594289,3660,81721
400.27,400,0.002,20.20010462547846,3670,35010
400.53,400,0.002,20.19999811828666,3680,137196
399.2,400,0.002,20.20000399227774,3690,86897
400.27,400,0.002,20.2000530974991,3700,40981
398.94,400,0.002,20.20039445636397,3710,298936
400.0,400,0.002,20.20147126795793,3720,102985
400.0,400,0.002,20.20234802408622,3730,56143
400.0,400,0.002,20.20189154161043,3740,7072
400.27,400,0.002,20.20037243245373,3750,106218
400.0,400,0.002,20.20016965967406,3760,58133
400.0,400,0.002,20.20091962012375,3770,11862
400.0,400,0.002,20.20075840867916,3780,113894
399.73,400,0.002,20.20008385663155,3790,63899
398.94,400,0.002,20.20003609939477,3800,16847
400.27,400,0.002,20.19997860378065,3810,120774
399.47,400,0.002,20.20003086915164,3820,72722
400.0,400,0.002,20.20014094912624,3830,27698
400.0,400,0.002,20.20009507569723,3840,130236
398.94,400,0.002,20.199992141766362,3850,81524
399.2,400,0.002,20.200026236532622,3860,35198
400.27,400,0.002,20.20005011551746,3870,136323
400.0,400,0.002,20.20015723964005,3880,90482
400.27,400,0.002,20.199993766242702,3890,43765
400.27,400,0.002,20.20008897969329,3900,150336
400.0,400,0.002,20.20006686671127,3910,100477
399.73,400,0.002,20.20006587756849,3920,55565
400.0,400,0.002,20.20027316244003,3930,4873
400.53,400,0.002,20.20011268250991,3940,110262
400.27,400,0.002,20.199998303839493,3950,61340
400.27,400,0.002,20.20001282960339,3960,14075
400.53,400,0.002,20.19999107399737,3970,117122
398.94,400,0.002,20.200023487717882,3980,71584
398.67,400,0.002,20.20003638463596,3990,22697
400.27,400,0.002,20.200085642237703,4000,126836
400.27,400,0.002,20.200183228787083,4010,74977
400.27,400,0.002,20.200133474010414,4020,32134
400.0,400,0.002,20.20015534723641,4030,134104
400.27,400,0.002,20.200195891958924,4040,84582
400.27,400,0.002,20.20010025781326,4050,40886
400.53,400,0.002,20.199980221723713,4060,140492
399.2,400,0.002,20.200009758016,4070,94596
400.27,400,0.002,20.200125511208963,4080,48458
400.53,400,0.002,20.200218372123842,4090,3520
400.53,400,0.002,20.200025386487283,4100,103088
398.94,400,0.002,20.20003305529462,4110,58970
399.73,400,0.002,20.200120953035132,4120,13991
399.73,400,0.002,20.200148793131582,4130,113551
399.47,400,0.002,20.200116633765763,4140,69728
400.0,400,0.002,20.200374733449124,4150,24027
400.27,400,0.002,20.200120110018652,4160,120893
400.27,400,0.002,20.200103078113674,4170,78083
400.27,400,0.002,20.199990328638073,4180,27909
400.27,400,0.002,20.200055344040024,4190,130837
400.27,400,0.002,20.200074998913834,4200,89946
400.27,400,0.002,20.200002748637182,4210,35451
400.27,400,0.002,20.200058334781563,4220,138886
399.73,400,0.002,20.200087901360074,4230,93705
400.0,400,0.002,20.200114780481535,4240,44274
400.27,400,0.002,20.199994207242593,4250,148231
399.73,400,0.002,20.200193005948794,4260,103766
398.67,400,0.002,20.200052767903504,4270,56208
400.27,400,0.002,20.200057537637644,4280,8062
399.73,400,0.002,20.200067323887314,4290,111347
400.0,400,0.002,20.200022533136575,4300,67383
399.73,400,0.002,20.200118902628724,4310,18118
400.27,400,0.002,20.200114622262383,4320,116413
398.94,400,0.002,20.200028481321564,4330,75463
400.0,400,0.002,20.200089597548935,4340,28987
400.27,400,0.002,20.200105236779883,4350,126988
400.53,400,0.002,20.200123712839883,4360,82850
400.0,400,0.002,20.200029259239074,4370,31041
400.0,400,0.002,20.200029315368745,4380,137951
400.27,400,0.002,20.200132733397513,4390,90728
400.27,400,0.002,20.200078907916254,4400,37127
399.47,400,0.002,20.200058280351524,4410,143844
400.27,400,0.002,20.200027967160803,4420,93871
400.0,400,0.002,20.200059042155704,4430,47711
400.53,400,0.002,20.199964535377763,4440,4363
400.0,400,0.002,20.200184386545725,4450,101071
400.27,400,0.002,20.200023455403976,4460,58102
400.0,400,0.002,20.200417103022836,4470,11324
400.27,400,0.002,20.200057076427164,4480,113240
399.2,400,0.002,20.199995607692344,4490,63794
398.94,400,0.002,20.200031178498264,4500,17089
400.0,400,0.002,20.200039161175265,4510,121536
400.27,400,0.002,20.200133173120065,4520,69767
400.0,400,0.002,20.200223845400107,4530,27468
400.27,400,0.002,20.200135988785757,4540,126157
400.27,400,0.002,20.200032620653516,4550,77674
400.53,400,0.002,20.199995959142324,4560,30576
400.27,400,0.002,20.200181252434987,4570,137600
399.73,400,0.002,20.200077724356046,4580,87443
400.27,400,0.002,20.200099510373928,4590,38333
400.53,400,0.002,20.200002257321966,4600,143001
399.2,400,0.002,20.199984246283528,4610,102825
400.27,400,0.002,20.200108603157105,4620,50675
400.0,400,0.002,20.200444099275675,4630,814
400.27,400,0.002,20.199972962698215,4640,103638
399.2,400,0.002,20.200001296797186,4650,57436
400.27,400,0.002,20.200008627161775,4660,11778
400.53,400,0.002,20.20017150748947,4670,113339
400.0,400,0.002,20.200056541246138,4680,67092
400.27,400,0.002,20.200007420902608,4690,17073
400.27,400,0.002,20.199996099827718,4700,119398
400.0,400,0.002,20.200021270643038,4710,73728
400.27,400,0.002,20.200016639182696,4720,27755
398.67,400,0.002,20.200098658485867,4730,132854
400.27,400,0.002,20.200093211939517,4740,81729
400.27,400,0.002,20.20007226397883,4750,33453
400.0,400,0.002,20.200042579434825,4760,139670
400.53,400,0.002,20.200014603999666,4770,87408
400.27,400,0.002,20.199988093401267,4780,41388
398.94,400,0.002,20.200034240659168,4790,151252
400.0,400,0.002,20.200016576418538,4800,99342
400.27,400,0.002,20.199992606358656,4810,54112
400.0,400,0.002,20.200151316635417,4820,7563
399.2,400,0.002,20.20000090679318,4830,107083
399.2,400,0.002,20.20001180844685,4840,63314
400.53,400,0.002,20.1999981159379,4850,13990
400.53,400,0.002,20.200178378803887,4860,124423
400.53,400,0.002,20.200043747733268,4870,63100
400.0,400,0.002,20.20038414101984,4880,21434
400.0,400,0.002,20.20018353241709,4890,130678
400.53,400,0.002,20.200018170552816,4900,77012
399.2,400,0.002,20.200011703561877,4910,29933
399.2,400,0.002,20.200011952873517,4920,135893
400.27,400,0.002,20.20013832398664,4930,83072
400.0,400,0.002,20.200091030668577,4940,36215
400.27,400,0.002,20.200083015736997,4950,139235
400.27,400,0.002,20.200003380634307,4960,95233
400.27,400,0.002,20.200084871331608,4970,47520
400.27,400,0.002,20.20000623509833,4980,150064
400.27,400,0.002,20.19997551799595,4990,100353
399.47,400,0.002,20.200167405682,5000,201462
400.53,400,0.002,20.20009190289287,5010,6900
400.53,400,0.002,20.199962987831498,5020,113235
398.67,400,0.002,20.200094749476467,5030,62874
398.67,400,0.002,20.20007144570296,5040,13959
399.73,400,0.002,20.200158952148158,5050,124480
400.27,400,0.002,20.199977779554338,5060,72539
400.27,400,0.002,20.19998519353235,5070,24327
399.2,400,0.002,20.2000215741474,5080,130398
398.67,400,0.002,20.2000917485546,5090,80963
399.73,400,0.002,20.20035974699825,5100,33276
399.73,400,0.002,20.20241461956474,5110,142446
399.73,400,0.002,20.204648327301037,5120,102816
399.73,400,0.002,20.20734760703665,5130,67727
399.47,400,0.002,20.20988294562766,5140,31180
399.73,400,0.002,20.212624092851616,5150,149505
399.47,400,0.002,20.214912152539167,5160,102088
399.47,400,0.002,20.217438099089968,5170,66337
399.47,400,0.002,20.21986565179157,5180,28648
399.73,400,0.002,20.22138431868151,5190,139561
399.73,400,0.002,20.223096850897406,5200,100586
399.73,400,0.002,20.224614484674056,5210,56888
400.0,400,0.002,20.225947899065947,5220,11248
400.0,400,0.002,20.227199337570266,5230,121950
399.73,400,0.002,20.228247797890965,5240,82440
399.73,400,0.002,20.229369157956377,5250,36544
399.73,400,0.002,20.230278950773666,5260,144132
400.0,400,0.002,20.231724919288407,5270,94778
400.0,400,0.002,20.232646643358226,5280,53017
400.0,400,0.002,20.233439554979658,5290,6791
400.27,400,0.002,20.233368241432967,5300,111502
399.73,400,0.002,20.233720069906955,5310,65416
400.0,400,0.002,20.234116104706757,5320,21481
399.73,400,0.002,20.234428303459456,5330,120033
399.73,400,0.002,20.234428619412647,5340,73251
399.73,400,0.002,20.234638519292325,5350,28632
400.27,400,0.002,20.234966938434265,5360,135315
400.0,400,0.002,20.23481142915759,5370,90270
400.0,400,0.002,20.235167827556236,5380,42249
399.73,400,0.002,20.235553611419846,5390,142161
400.0,400,0.002,20.235579879159616,5400,95889
400.0,400,0.002,20.236206914037076,5410,49956
400.0,400,0.002,20.236588229562948,5420,472
400.0,400,0.002,20.237382545577827,5430,106973
400.0,400,0.002,20.237766794734878,5440,60972
400.0,400,0.002,20.237654462303805,5450,10586
399.73,400,0.002,20.237867685180007,5460,119865
400.0,400,0.002,20.238321504632236,5470,71263
400.27,400,0.002,20.237341241909448,5480,29378
400.53,400,0.002,20.235391583043036,5490,118723
400.53,400,0.002,20.232071328012267,5500,56357
400.27,400,0.002,20.2285403534823,5510,1549
400.27,400,0.002,20.22670745096398,5520,97025
400.27,400,0.002,20.225472745292578,5530,39916
400.27,400,0.002,20.22400562054093,5540,135389
400.0,400,0.002,20.22322359564295,5550,87535
400.0,400,0.002,20.222202398950966,5560,38679
400.0,400,0.002,20.22151820276998,5570,139924
400.0,400,0.002,20.220625028310117,5580,93244
400.0,400,0.002,20.219548764133126,5590,40226
400.0,400,0.002,20.218805397947698,5600,136277
400.0,400,0.002,20.21833516970207,5610,88514
400.0,400,0.002,20.217666736008358,5620,37243
400.0,400,0.002,20.217127038300628,5630,139985
400.0,400,0.002,20.216740256509908,5640,92245
400.27,400,0.002,20.21629929729586,5650,40579
400.0,400,0.002,20.215756639199117,5660,140667
400.0,400,0.002,20.21533023610499,5670,93891
400.0,400,0.002,20.215341556816917,5680,47585
400.0,400,0.002,20.215411534105428,5690,2749
399.2,400,0.002,20.21562574359416,5700,101566
400.0,400,0.002,20.215596866217357,5710,54279
400.0,400,0.002,20.2155548284554,5720,10313
400.0,400,0.002,20.215679705733347,5730,110702
400.0,400,0.002,20.21582195229458,5740,63779
400.0,400,0.002,20.216318548774527,5750,14390
400.0,400,0.002,20.21658644458426,5760,124080
400.0,400,0.002,20.216996475673078,5770,74689
400.0,400,0.002,20.217366341709507,5780,29596
399.73,400,0.002,20.21762158362731,5790,130825
400.0,400,0.002,20.218338742928097,5800,89742
400.0,400,0.002,20.218506656369758,5810,37723
400.0,400,0.002,20.218591738804047,5820,146251
400.0,400,0.002,20.218377781691178,5830,95359
400.27,400,0.002,20.217636974363277,5840,44907
400.53,400,0.002,20.214653375729497,5850,136931
400.0,400,0.002,20.21190758430321,5860,84468
400.27,400,0.002,20.21150908473279,5870,29099
400.27,400,0.002,20.209790192396728,5880,131266
400.27,400,0.002,20.2076713839516,5890,75415
400.0,400,0.002,20.20806711783662,5900,30334
400.27,400,0.002,20.20630108614385,5910,125484
400.53,400,0.002,20.20498427605516,5920,77863
400.53,400,0.002,20.20283612908906,5930,18681
400.27,400,0.002,20.20074552497074,5940,111917
399.73,400,0.002,20.20006967961289,5950,68268
400.53,400,0.002,20.2000198998897,5960,17346
400.0,400,0.002,20.200026140609978,5970,125476
400.27,400,0.002,20.19999125003298,5980,75037
400.53,400,0.002,20.20002190825208,5990,33858
400.53,400,0.002,20.20006686691021,6000,135952
400.53,400,0.002,20.20019484279862,6010,88882
400.27,400,0.002,20.20010819334386,6020,37624
400.0,400,0.002,20.200199274739152,6030,141387
399.73,400,0.002,20.20008436569343,6040,98507
400.53,400,0.002,20.19999783670998,6050,46618
400.53,400,0.002,20.20007131706156,6060,152516
400.0,400,0.002,20.20018970492183,6070,105180
400.53,400,0.002,20.20004529640681,6080,55633
398.67,400,0.002,20.20009461370849,6090,6830
399.2,400,0.002,20.1999577412447,6100,112165
399.2,400,0.002,20.19998819928438,6110,66299
400.53,400,0.002,20.20007514737146,6120,15492
400.0,400,0.002,20.20004553696902,6130,121361
400.0,400,0.002,20.200037919761332,6140,81104
399.47,400,0.002,20.19995846817331,6150,32515
398.67,400,0.002,20.20011123316527,6160,131559
400.0,400,0.002,20.20018071639891,6170,86753
398.67,400,0.002,20.20004921444833,6180,41645
398.67,400,0.002,20.2000916353739,6190,142357
400.27,400,0.002,20.200128056780073,6200,96772
400.53,400,0.002,20.20013265787741,6210,51043
400.53,400,0.002,20.200047590125553,6220,4363
400.53,400,0.002,20.19999647173957,6230,104330
398.94,400,0.002,20.20005803747545,6240,59964
400.53,400,0.002,20.200038979471913,6250,6886
399.2,400,0.002,20.199989452107133,6260,111150
400.53,400,0.002,20.200014822920394,6270,67061
399.2,400,0.002,20.199986038876663,6280,13919
397.88,400,0.002,20.200112026257305,6290,119462
400.53,400,0.002,20.200021716577794,6300,75520
400.53,400,0.002,20.199972646650803,6310,28221
399.2,400,0.002,20.199990262286203,6320,131586
398.94,400,0.002,20.199988196541245,6330,83137
399.47,400,0.002,20.19998790991801,6340,36613
398.94,400,0.002,20.200061075038832,6350,141462
400.27,400,0.002,20.200008805497294,6360,92538
399.2,400,0.002,20.199979068526513,6370,50714
399.47,400,0.002,20.199953661888404,6380,319
400.0,400,0.002,20.200134325922914,6390,106164
400.53,400,0.002,20.200170622701183,6400,59793
398.94,400,0.002,20.200065070673524,6410,7984
399.2,400,0.002,20.20002772148226,6420,113944
399.2,400,0.002,20.19995651099527,6430,63578
398.94,400,0.002,20.200029651005543,6440,19995
400.53,400,0.002,20.199986139974982,6450,126662
400.53,400,0.002,20.19997642854044,6460,72747
398.67,400,0.002,20.200099408598554,6470,29105
400.27,400,0.002,20.200076967273844,6480,133502
400.8,400,0.002,20.200001638237854,6490,87341
399.47,400,0.002,20.19992714698334,6500,36749
400.53,400,0.002,20.200026796318163,6510,141994
400.53,400,0.002,20.199975916382943,6520,94895
399.73,400,0.002,20.199985327729834,6530,50890
399.47,400,0.002,20.199939195168323,6540,149797
399.2,400,0.002,20.199992712308084,6550,104254
400.8,400,0.002,20.200039249590933,6560,57609
400.8,400,0.002,20.199981200689663,6570,12506
400.8,400,0.002,20.200066205569172,6580,114401
400.0,400,0.002,20.200180277000932,6590,67874
400.53,400,0.002,20.199958084297744,6600,21413
400.0,400,0.002,20.200154259424362,6610,128296
398.67,400,0.002,20.200083845348395,6620,75252
400.8,400,0.002,20.199958810189823,6630,29490
400.0,400,0.002,20.200128444773842,6640,136229
399.2,400,0.002,20.199967231224782,6650,85462
400.0,400,0.002,20.200112457687613,6660,38903
400.53,400,0.002,20.200027142833285,6670,144883
400.27,400,0.002,20.200044917891884,6680,98710
399.2,400,0.002,20.199958534738084,6690,49022
398.94,400,0.002,20.200072301255524,6700,1837
399.2,400,0.002,20.199985128974333,6710,108402
400.0,400,0.002,20.200119536042795,6720,61964
400.53,400,0.002,20.200118137697515,6730,12760
398.67,400,0.002,20.200081717565194,6740,120909
398.67,400,0.002,20.200089760723895,6750,69709
400.0,400,0.002,20.200091772286605,6760,25886
400.27,400,0.002,20.200101343384755,6770,125635
400.27,400,0.002,20.200108275219264,6780,82519
400.53,400,0.002,20.200062320284793,6790,33199
399.2,400,0.002,20.199976121525143,6800,134480
400.27,400,0.002,20.200038833499175,6810,88522
399.2,400,0.002,20.200005450532377,6820,43186
400.27,400,0.002,20.200109194003645,6830,149251
400.53,400,0.002,20.200081743108505,6840,98361
400.27,400,0.002,20.200041122457556,6850,53267
400.27,400,0.002,20.200013469973037,6860,5982
400.27,400,0.002,20.199975014622787,6870,108032
397.61,400,0.002,20.200124268597964,6880,212577
400.0,400,0.002,20.200068723576255,6890,14222
400.0,400,0.002,20.200072603346435,6900,122876
400.27,400,0.002,20.200017013363055,6910,69971
400.0,400,0.002,20.200069668745037,6920,23583
400.0,400,0.002,20.200063302758185,6930,129658
400.27,400,0.002,20.200113778439725,6940,83212
400.0,400,0.002,20.200045552583287,6950,32872
400.0,400,0.002,20.200497001934636,6960,136993
400.0,400,0.002,20.200048103818656,6970,92815
400.0,400,0.002,20.200196728260657,6980,43900
400.27,400,0.002,20.200080142294365,6990,149035
400.27,400,0.002,20.200097652109477,7000,100766
400.0,400,0.002,20.200261155063636,7010,54204
399.73,400,0.002,20.200112467431698,7020,4080
400.0,400,0.002,20.200352027666185,7030,109678
400.0,400,0.002,20.200049021542075,7040,59702
400.0,400,0.002,20.200369387847545,7050,13722
400.27,400,0.002,20.200906371835977,7060,120170
400.0,400,0.002,20.200123731567235,7070,70104
400.0,400,0.002,20.200302999291136,7080,22051
399.73,400,0.002,20.202717339379728,7090,135642
400.0,400,0.002,20.203086061764097,7100,91235
400.0,400,0.002,20.203086532725635,7110,46312
399.73,400,0.002,20.204120184386525,7120,149584
400.0,400,0.002,20.204559866640984,7130,103489
400.0,400,0.002,20.205868000764177,7140,63418
400.0,400,0.002,20.205822919840877,7150,17128
399.47,400,0.002,20.206497930125487,7160,121426
400.27,400,0.002,20.207388322434127,7170,74771
400.27,400,0.002,20.206564658946427,7180,24882
399.73,400,0.002,20.207254191976084,7190,130149
399.73,400,0.002,20.208570247439525,7200,88003
400.27,400,0.000,20.26841429902532,7210,42052
400.27,400,0.000,20.267138050428592,7220,140654
400.27,400,0.000,20.26577601843805,7230,87913
399.73,400,0.000,20.26426049149413,7240,33285
400.27,400,0.000,20.262977881273052,7250,131883
400.27,400,0.000,20.26129018631223,7260,81626
400.0,400,0.000,20.260282064772632,7270,27527
400.27,400,0.000,20.25839197769342,7280,123403
400.27,400,0.000,20.25719158813455,7290,73022
399.73,400,0.000,20.254639010538472,7300,15626
400.27,400,0.000,20.253297401246172,7310,120556
400.53,400,0.000,20.250756146801532,7320,58782
400.27,400,0.000,20.24946186594018,7330,8986
400.53,400,0.000,20.246563374024113,7340,100797
400.27,400,0.000,20.24504246701485,7350,48729
400.0,400,0.000,20.245521911139452,7360,337
400.0,400,0.000,20.244184910465442,7370,102026
400.0,400,0.000,20.243784870381102,7380,53418
400.27,400,0.000,20.242732454480443,7390,4694
399.73,400,0.000,20.243271033650153,7400,109906
400.0,400,0.000,20.24356675771127,7410,62283
400.0,400,0.000,20.242430306973112,7420,10538
400.0,400,0.000,20.24168964481874,7430,107678
399.73,400,0.000,20.241432967013733,7440,63540
400.0,400,0.000,20.24300882100877,7450,23924
400.0,400,0.000,20.24195767308095,7460,120780
400.0,400,0.000,20.241130838286093,7470,67526
400.27,400,0.000,20.24046477124165,7480,27538
400.0,400,0.000,20.238771090550422,7490,120279
399.73,400,0.000,20.23813076073085,7500,68261
400.0,400,0.000,20.23943410231973,7510,26307
400.27,400,0.002,20.238225551668084,7520,124780
400.27,400,0.002,20.23711637118615,7530,80913
399.73,400,0.002,20.23784043764715,7540,29925
400.27,400,0.002,20.237456046338913,7550,128217
400.27,400,0.002,20.23651966398291,7560,77778
399.73,400,0.002,20.236532432545772,7570,35206
400.27,400,0.002,20.237084474872102,7580,133639
400.27,400,0.002,20.235808506093104,7590,86097
400.0,400,0.002,20.23424177912512,7600,27332
400.0,400,0.002,20.233259964723903,7610,132649
400.0,400,0.002,20.23471863589983,7620,87317
400.0,400,0.002,20.23404997084006,7630,39928
400.0,400,0.002,20.23280017846753,7640,139366
400.0,400,0.002,20.23393629500678,7650,92260
400.0,400,0.002,20.233580094061864,7660,42707
400.0,400,0.002,20.23193191351273,7670,142243
400.27,400,0.002,20.230284899579864,7680,89393
400.0,400,0.002,20.228834752875514,7690,34344
400.0,400,0.002,20.229755081699174,7700,139799
400.27,400,0.002,20.229800611279423,7710,93615
400.27,400,0.002,20.228055023151605,7720,39169
400.27,400,0.002,20.226420954305794,7730,138027
400.27,400,0.002,20.224562423817055,7740,83291
399.73,400,0.002,20.223769902873205,7750,34543
400.0,400,0.002,20.225061215035854,7760,143169
400.27,400,0.002,20.224122904535122,7770,94017
399.47,400,0.002,20.222239665970164,7780,193519
400.27,400,0.002,20.220536720930845,7790,135313
400.0,400,0.002,20.220720965984555,7800,84485
400.27,400,0.002,20.220209639893294,7810,42913
400.0,400,0.002,20.218297196313824,7820,138589
400.0,400,0.002,20.216776009169244,7830,84900
399.73,400,0.002,20.217216177950643,7840,36424
400.27,400,0.002,20.216830762697345,7850,139458
400.27,400,0.002,20.214490992241686,7860,86473
400.0,400,0.002,20.213297903633684,7870,27995
400.0,400,0.002,20.213451150378265,7880,135015
400.27,400,0.002,20.211833459411434,7890,79325
400.27,400,0.002,20.209601554497453,7900,29408
400.27,400,0.002,20.207852633384736,7910,127233
400.27,400,0.002,20.206079032433387,7920,74085
399.73,400,0.002,20.205852717321253,7930,21967
400.27,400,0.002,20.205950550617125,7940,126415
400.27,400,0.002,20.204124882823436,7950,68440
400.27,400,0.002,20.202342765050584,7960,19077
400.0,400,0.002,20.202356258880815,7970,119123
400.0,400,0.002,20.202405524362977,7980,72115
400.53,400,0.002,20.200358330264145,7990,18368
400.27,400,0.002,20.200040566643626,8000,120650
400.27,400,0.002,20.200190739239154,8010,76867
400.53,400,0.002,20.199971696271437,8020,28479
400.27,400,0.002,20.200013657075406,8030,130173
400.27,400,0.002,20.200074825795866,8040,86034
400.0,400,0.002,20.200378476320555,8050,38906
400.0,400,0.002,20.200676337029474,8060,144489
399.73,400,0.002,20.202121711162317,8070,104394
399.73,400,0.002,20.203171435435376,8080,57973
399.73,400,0.002,20.204219227159324,8090,16602
400.0,400,0.002,20.205298721959515,8100,119970
399.73,400,0.002,20.206078144151604,8110,71031
400.0,400,0.002,20.206378203755964,8120,25754
400.0,400,0.002,20.206518481995584,8130,131119
400.27,400,0.002,20.206459552075223,8140,81296
400.0,400,0.002,20.205620922790466,8150,32951
400.27,400,0.002,20.204455815735596,8160,135350
400.0,400,0.002,20.203499771773576,8170,82649
400.27,400,0.002,20.202362738673074,8180,28894
400.0,400,0.002,20.201467763523286,8190,131344
400.27,400,0.002,20.200712336557466,8200,80336
400.27,400,0.002,20.200027758654237,8210,31207
399.73,400,0.002,20.200093801889107,8220,139342
400.0,400,0.002,20.200364987725326,8230,86873
400.0,400,0.002,20.200078897208925,8240,37721
400.0,400,0.002,20.200973255054496,8250,147664
400.0,400,0.002,20.200289400429334,8260,96930
400.27,400,0.002,20.200199175616156,8270,45319
400.0,400,0.002,20.200083195437085,8280,4242
400.0,400,0.002,20.200845140525836,8290,104999
400.0,400,0.002,20.200760390252295,8300,54087
400.0,400,0.002,20.201685560456305,8310,9548
400.0,400,0.002,20.201059084921145,8320,112045
400.27,400,0.002,20.200457800136185,8330,63878
400.0,400,0.002,20.200005936089077,8340,17055
399.73,400,0.002,20.200090356651845,8350,119646
398.94,400,0.002,20.200045248932327,8360,71386
399.2,400,0.002,20.200080298046064,8370,176660
398.94,400,0.002,20.200028462419716,8380,127198
400.27,400,0.002,20.200064194592766,8390,80661
400.0,400,0.002,20.200053740549045,8400,34344
400.0,400,0.002,20.200049001069715,8410,140623
400.27,400,0.002,20.200050001998225,8420,90201
400.27,400,0.002,20.200070974615766,8430,41289
400.0,400,0.002,20.200141827677896,8440,145849
400.27,400,0.002,20.200062723840457,8450,96210
400.0,400,0.002,20.200000896515117,8460,53856
400.53,400,0.002,20.200076106329217,8470,2980
399.47,400,0.002,20.200451666921868,8480,104098
400.0,400,0.002,20.201555464947806,8490,64231
400.27,400,0.002,20.200900340833268,8500,14092
399.2,400,0.002,20.200012729607906,8510,116981
398.94,400,0.002,20.200011431373277,8520,66986
400.27,400,0.002,20.200022462394266,8530,17753
400.27,400,0.002,20.200138855928937,8540,126178
400.27,400,0.002,20.199978412249447,8550,76219
400.0,400,0.002,20.200181178373686,8560,27502
400.0,400,0.002,20.201001671164978,8570,132459
400.27,400,0.002,20.200559064520856,8580,85399
400.27,400,0.002,20.200047012027976,8590,36960
400.53,400,0.002,20.20000001642437,8600,135962
400.27,400,0.002,20.200075767889956,8610,90237
400.27,400,0.002,20.200015214432067,8620,47429
400.27,400,0.002,20.200049002088797,8630,1714
400.0,400,0.002,20.200006973599766,8640,99626
400.0,400,0.002,20.20003180162031,8650,53568
399.73,400,0.002,20.200096282151836,8660,8257
399.2,400,0.002,20.200023020466208,8670,109958
400.27,400,0.002,20.200095355584757,8680,63499
400.53,400,0.002,20.200080749659048,8690,18146
400.27,400,0.002,20.20029581689904,8700,120919
400.53,400,0.002,20.199966677735198,8710,70749
399.73,400,0.002,20.20007656476864,8720,20593
400.27,400,0.002,20.200046048117898,8730,127785
400.27,400,0.002,20.2000924622212,8740,80216
399.73,400,0.002,20.20009564280478,8750,31204
399.73,400,0.002,20.20011120679133,8760,144480
400.53,400,0.002,20.199970594632,8770,89956
398.94,400,0.002,20.200023543442708,8780,41477
400.0,400,0.002,20.20005284346549,8790,146475
400.27,400,0.002,20.20001818126013,8800,97218
400.53,400,0.002,20.20009031901569,8810,51454
400.27,400,0.002,20.19998016954123,8820,2614
400.53,400,0.002,20.20000837995809,8830,104287
400.0,400,0.002,20.2000748675258,8840,60231
400.53,400,0.002,20.200036592999428,8850,13901
398.67,400,0.002,20.20005420355339,8860,116749
399.2,400,0.002,20.19998005879306,8870,70723
400.27,400,0.002,20.19999059790553,8880,15713
400.53,400,0.002,20.20013031195175,8890,126498
399.2,400,0.002,20.19997926761355,8900,77856
400.53,400,0.002,20.19999359136229,8910,28716
399.2,400,0.002,20.2000053127332,8920,133671
400.27,400,0.002,20.20005245372672,8930,84317
400.27,400,0.002,20.20004920295226,8940,35550
398.67,400,0.002,20.20012456836801,8950,146583
399.73,400,0.002,20.20015969436645,8960,241716
400.27,400,0.002,20.20010179887511,8970,47189
400.27,400,0.002,20.200135913782162,8980,415
400.27,400,0.002,20.19999467988631,8990,101419
400.0,400,0.002,20.20011457896544,9000,57253
400.0,400,0.002,20.200063607867932,9010,4723
400.0,400,0.002,20.20011883396646,9020,109729
400.0,400,0.002,20.20014522687159,9030,60848
400.27,400,0.002,20.20000137662046,9040,18747
400.27,400,0.002,20.20002641290675,9050,117353
399.73,400,0.002,20.200069817042102,9060,70063
397.88,400,0.002,20.200057504503583,9070,24638
400.27,400,0.002,20.200009465344603,9080,126483
400.0,400,0.002,20.200690276941042,9090,80463
399.73,400,0.002,20.20010854663306,9100,32431
400.0,400,0.002,20.200112086752952,9110,136737
400.27,400,0.002,20.20020808889119,9120,90608
399.73,400,0.002,20.200214999349452,9130,42478
400.0,400,0.002,20.200252009312713,9140,146284
400.0,400,0.002,20.200165690957743,9150,101916
400.27,400,0.002,20.20016595689574,9160,47550
400.27,400,0.002,20.199978631718103,9170,4299
400.0,400,0.002,20.20016758992607,9180,106142
398.94,400,0.002,20.19999168596189,9190,57289
399.2,400,0.002,20.200024314027733,9200,10456
400.53,400,0.002,20.200173116051403,9210,112471
399.2,400,0.002,20.199998013080613,9220,66807
400.27,400,0.002,20.200223991058742,9230,21755
400.0,400,0.002,20.200334329516703,9240,124197
400.27,400,0.002,20.20005453165876,9250,80334
398.67,400,0.002,20.200105033668862,9260,27754
400.27,400,0.002,20.20008279604498,9270,132405
400.0,400,0.002,20.20003169002756,9280,84331
400.53,400,0.002,20.200220764033734,9290,35363
399.73,400,0.002,20.200065908793523,9300,143222
400.27,400,0.002,20.20005014145165,9310,90652
400.0,400,0.002,20.20039415389614,9320,45303
400.27,400,0.002,20.199993531819402,9330,147214
400.27,400,0.002,20.200041121902633,9340,100356
400.27,400,0.002,20.200070388543562,9350,53269
398.67,400,0.002,20.200087914688382,9360,8662
400.27,400,0.002,20.200004081747384,9370,106953
400.27,400,0.002,20.200010709313222,9380,63590
398.94,400,0.002,20.200024700485905,9390,12963
399.73,400,0.002,20.200171732817825,9400,119010
400.27,400,0.002,20.200001395421094,9410,74235
400.53,400,0.002,20.200103439712574,9420,21136
400.0,400,0.002,20.200104471185565,9430,123766
400.27,400,0.002,20.200021246321224,9440,83155
400.53,400,0.002,20.200198038528793,9450,30422
400.53,400,0.002,20.199968828465153,9460,137267
400.0,400,0.002,20.200049253930693,9470,87860
400.0,400,0.002,20.200042291467945,9480,41313
400.27,400,0.002,20.200130432789514,9490,142814
398.94,400,0.002,20.200039046239095,9500,94335
400.27,400,0.002,20.199988668479975,9510,49891
399.2,400,0.002,20.199989531878053,9520,3835
400.53,400,0.002,20.199966352920903,9530,105612
400.0,400,0.002,20.200114820449016,9540,57055
400.0,400,0.002,20.200083240126546,9550,7088
400.0,400,0.002,20.200132769288675,9560,113254
400.0,400,0.002,20.200343336683204,9570,66710
400.27,400,0.002,20.200046776962523,9580,17111
400.27,400,0.002,20.200107539932095,9590,116944
400.0,400,0.002,20.200365135819993,9600,70004
400.27,400,0.002,20.200106322299014,9610,27370
399.2,400,0.002,20.200011177287326,9620,128442
400.53,400,0.002,20.200188831092134,9630,80262
400.0,400,0.002,20.200181721658506,9640,36898
398.67,400,0.002,20.200120752258925,9650,136232
397.88,400,0.002,20.200044116190014,9660,87876
399.73,400,0.002,20.200172337784895,9670,40882
400.53,400,0.002,20.200038106912576,9680,145548
398.67,400,0.002,20.200097187126296,9690,100610
400.53,400,0.002,20.200028479531195,9700,47482
400.0,400,0.002,20.200122159269874,9710,2207
400.27,400,0.002,20.200017911193466,9720,100683
400.0,400,0.002,20.200078243825097,9730,56878
400.27,400,0.002,20.200122058548477,9740,13490
400.27,400,0.002,20.200005176884957,9750,112097
398.94,400,0.002,20.200033194050047,9760,66461
400.27,400,0.002,20.200259968571817,9770,19917
398.41,400,0.002,20.200114388247417,9780,124969
400.27,400,0.002,20.200027897284027,9790,76358
400.0,400,0.002,20.200203186795317,9800,30423
398.94,400,0.002,20.200003975724677,9810,131898
400.53,400,0.002,20.200085859902025,9820,84590
400.0,400,0.002,20.200048698486725,9830,37069
400.0,400,0.002,20.200169569230717,9840,142556
400.27,400,0.002,20.200119055525626,9850,91196
400.27,400,0.002,20.200111896903937,9860,44916
400.0,400,0.002,20.200199762539935,9870,151448
400.27,400,0.002,20.200199940086705,9880,96356
400.27,400,0.002,20.200078660039008,9890,50387
399.2,400,0.002,20.200008883181198,9900,4632
400.27,400,0.002,20.200181576680418,9910,107247
400.27,400,0.002,20.200081605965458,9920,61267
399.73,400,0.002,20.200209683189506,9930,16893
400.27,400,0.002,20.200007608825146,9940,116542
399.2,400,0.002,20.200025893116628,9950,70224
399.73,400,0.002,20.200080247549266,9960,23738
400.0,400,0.002,20.200079548226558,9970,125142
398.41,400,0.002,20.200131000902186,9980,80273
400.27,400,0.002,20.200173462440887,9990,33298
400.27,400,0.002,20.20004426761414,10000,136291
400.27,400,0.002,20.19995891549359,10010,90650
400.27,400,0.002,20.200008231866928,10020,40738
400.0,400,0.002,20.20003488886036,10030,146378
399.73,400,0.002,20.200076959152607,10040,97126
400.27,400,0.002,20.199994099572606,10050,45868
400.53,400,0.002,20.20002609143937,10060,283
400.53,400,0.002,20.20015736086521,10070,104113
400.27,400,0.002,20.20013674646825,10080,58506
400.53,400,0.002,20.20005822027467,10090,11052
400.27,400,0.002,20.200162741565727,10100,113061
400.0,400,0.002,20.200081557946547,10110,66657
400.27,400,0.002,20.2000321233006,10120,16902
400.27,400,0.002,20.20008788672302,10130,122528
399.73,400,0.002,20.200073809968558,10140,75880
400.27,400,0.002,20.20008670596877,10150,32015
400.27,400,0.002,20.200057379774478,10160,130810
398.94,400,0.002,20.199997318556658,10170,83250
399.2,400,0.002,20.19997533088309,10180,36165
400.0,400,0.002,20.200038594315508,10190,141612
400.53,400,0.002,20.19996789812888,10200,94193
400.27,400,0.002,20.20003839324614,10210,44691
400.27,400,0.002,20.200056867470398,10220,146474
400.53,400,0.002,20.20002142032914,10230,100453
400.27,400,0.002,20.20019907829403,10240,53120
397.35,400,0.002,20.20011616777399,10250,154026
400.53,400,0.002,20.20002370298807,10260,112890
399.2,400,0.002,20.20001146632564,10270,60108
400.27,400,0.002,20.19998320737684,10280,12692
400.0,400,0.002,20.20013503164977,10290,116865
400.27,400,0.002,20.200052355999752,10300,72767
398.41,400,0.002,20.20012227278213,10310,26329
399.73,400,0.002,20.2003566426607,10320,126880
400.0,400,0.002,20.20034106568786,10330,80170
400.27,400,0.002,20.20003495533788,10340,27782
399.73,400,0.002,20.20113162957931,10350,136487
399.73,400,0.002,20.20349196308007,10360,102461
400.0,400,0.002,20.20478174906572,10370,56000
400.27,400,0.002,20.20398401864424,10380,1762
400.0,400,0.002,20.20287520349551,10390,101752
400.27,400,0.002,20.20206291912838,10400,53401
400.27,400,0.002,20.20045725177344,10410,149859
398.41,400,0.002,20.20014012458932,10420,102929
400.27,400,0.002,20.20009750203598,10430,57065
400.27,400,0.002,20.19997759502059,10440,7531
398.94,400,0.002,20.20000426485024,10450,108907
398.94,400,0.002,20.20003407951889,10460,64445
400.53,400,0.002,20.2000420353543,10470,12442
400.27,400,0.002,20.20019758215546,10480,120276
400.53,400,0.002,20.19998412770729,10490,72208
400.27,400,0.002,20.20006633947349,10500,19867
399.2,400,0.002,20.200022600835602,10510,126123
400.27,400,0.002,20.20016804835154,10520,78897
398.94,400,0.002,20.20003120404507,10530,35253
399.2,400,0.002,20.200027561587913,10540,135649
400.27,400,0.002,20.200042274681053,10550,85887
398.67,400,0.002,20.200107852562812,10560,39784
398.41,400,0.002,20.20009846465825,10570,141626
400.27,400,0.002,20.20004847984521,10580,95940
398.94,400,0.002,20.20003920367998,10590,53080
400.27,400,0.002,20.20010213831252,10600,821
399.73,400,0.002,20.20012178273378,10610,105843
400.27,400,0.002,20.200161528392872,10620,61380
400.0,400,0.002,20.20006931785694,10630,10625
398.94,400,0.002,20.200024109039102,10640,116482
400.53,400,0.002,20.20001417186787,10650,65624
400.0,400,0.002,20.20009041221266,10660,16595
398.67,400,0.002,20.20007118787572,10670,124223
399.2,400,0.002,20.19999568080087,10680,74218
400.0,400,0.002,20.200167666978302,10690,26842
398.94,400,0.002,20.19999013279673,10700,133298
400.27,400,0.002,20.20000643513815,10710,82457
398.41,400,0.002,20.20011635753227,10720,34446
400.0,400,0.002,20.20004348782599,10730,135950
400.0,400,0.002,20.200073618894553,10740,88701
398.94,400,0.002,20.200024065211682,10750,43602
400.0,400,0.002,20.20004886971311,10760,145013
398.41,400,0.002,20.20010109740955,10770,98792
399.2,400,0.002,20.20001522785462,10780,56600
400.27,400,0.002,20.200082170406652,10790,4365
400.0,400,0.002,20.20033411343336,10800,112536
398.67,400,0.002,20.20009161775987,10810,63504
400.27,400,0.002,20.200044289304493,10820,13037
400.53,400,0.002,20.20005843448738,10830,116583
397.61,400,0.002,20.200063064286482,10840,218837
399.73,400,0.002,20.20008856645985,10850,23605
400.27,400,0.002,20.200055696830173,10860,128467
400.53,400,0.002,20.20003736340298,10870,79047
400.27,400,0.002,20.200076076510673,10880,33193
400.0,400,0.002,20.200013078492752,10890,132781
400.27,400,0.002,20.200095209360754,10900,86071
398.94,400,0.002,20.20002529235501,10910,39783
399.2,400,0.002,20.200027025454112,10920,140720
398.94,400,0.002,20.200030441549874,10930,92747
400.27,400,0.002,20.199978928169184,10940,47115
399.2,400,0.002,20.200342809696703,10950,486
400.0,400,0.002,20.200354879572032,10960,105781
398.94,400,0.002,20.19998916379125,10970,56323
400.0,400,0.002,20.200081784119494,10980,9460
400.27,400,0.002,20.200135385965044,10990,115670
400.27,400,0.002,20.200087359876115,11000,61765
398.94,400,0.002,20.2000412497553,11010,16862
400.27,400,0.002,20.200043957251932,11020,118971
400.53,400,0.002,20.200075959215262,11030,72244
400.27,400,0.002,20.200050399561594,11040,23810
400.0,400,0.002,20.200105279092654,11050,130382
400.27,400,0.002,20.200025205021255,11060,78763
400.0,400,0.002,20.200058281925525,11070,33123
400.27,400,0.002,20.200104183065132,11080,134976
400.27,400,0.002,20.199989397450242,11090,90390
400.53,400,0.002,20.200020999742264,11100,43081
400.27,400,0.002,20.199978893681003,11110,145862
398.94,400,0.002,20.200038680173005,11120,99971
400.27,400,0.002,20.200084750458956,11130,51025
400.27,400,0.002,20.199993736403215,11140,3736
400.53,400,0.002,20.200104248663173,11150,109863
400.53,400,0.002,20.200056517126754,11160,63747
400.0,400,0.002,20.200175737687065,11170,11272
399.73,400,0.002,20.200093691594653,11180,118325
399.73,400,0.002,20.200069600023443,11190,69842
400.27,400,0.002,20.200213507440775,11200,22471
400.0,400,0.002,20.200130624477776,11210,126729
400.27,400,0.002,20.200073599619284,11220,76433
399.2,400,0.002,20.199997219280124,11230,30908
399.73,400,0.002,20.200345290790054,11240,132541
400.53,400,0.002,20.200044689973943,11250,83793
400.27,400,0.002,20.200029944650655,11260,36629
400.27,400,0.002,20.200131774739894,11270,141854
398.67,400,0.002,20.200104166536494,11280,97091
400.0,400,0.002,20.200069813635874,11290,49956
400.27,400,0.002,20.200131093160344,11300,4174
400.53,400,0.002,20.199977398955884,11310,105601
399.73,400,0.002,20.200208326623024,11320,57205
399.73,400,0.002,20.200064314181127,11330,8229
400.27,400,0.002,20.199985847900376,11340,113139
400.0,400,0.002,20.200046746030665,11350,67465
400.27,400,0.002,20.200075850885664,11360,21205
399.73,400,0.002,20.200071934037727,11370,123749
400.53,400,0.002,20.200046792772234,11380,73012
400.27,400,0.002,20.200177567839575,11390,26984
400.27,400,0.002,20.200085925133624,11400,128515
400.0,400,0.002,20.200084500047964,11410,78218
399.73,400,0.002,20.200091502411887,11420,33088
399.47,400,0.002,20.200245081617357,11430,289498
400.0,400,0.002,20.200077831170997,11440,86568
400.27,400,0.002,20.200085947898895,11450,42852
400.27,400,0.002,20.200044943892387,11460,146341
400.0,400,0.002,20.200192151027935,11470,99980
400.0,400,0.002,20.200066892767627,11480,52807
400.27,400,0.002,20.200059551053556,11490,3125
400.27,400,0.002,20.200251451453678,11500,105120
400.27,400,0.002,20.200033944860735,11510,58835
400.0,400,0.002,20.200094862615295,11520,10139
398.94,400,0.002,20.200012168702106,11530,116659
399.47,400,0.002,20.200234086913305,11540,63787
400.0,400,0.002,20.200030581174307,11550,20819
400.0,400,0.002,20.200124331519177,11560,126827
400.0,400,0.002,20.200022759079186,11570,73016
400.0,400,0.002,20.200065208144625,11580,26882
400.27,400,0.002,20.200009221990406,11590,139330
400.0,400,0.002,20.200049456650845,11600,86935
400.27,400,0.002,20.199996833237268,11610,35481
400.27,400,0.002,20.20007204169376,11620,138602
400.0,400,0.002,20.200062049959868,11630,93148
400.0,400,0.002,20.200384983495375,11640,51016
400.0,400,0.002,20.200054783741475,11650,145954
400.0,400,0.002,20.199992896286926,11660,102474
400.27,400,0.002,20.200000292916148,11670,56137
398.94,400,0.002,20.200040859067258,11680,6205
400.27,400,0.002,20.20010181182303,11690,111699
400.27,400,0.002,20.199972363562946,11700,62763
400.27,400,0.002,20.199992636337768,11710,13269
400.0,400,0.002,20.200053961120556,11720,118556
400.0,400,0.002,20.1999974389861,11730,68347
399.2,400,0.002,20.199994260754778,11740,22469
399.73,400,0.002,20.20010476019946,11750,129806
400.0,400,0.002,20.200118775372868,11760,76224
400.0,400,0.002,20.199998115250377,11770,34513
400.0,400,0.002,20.20006139791968,11780,136339
400.0,400,0.002,20.200042464558,11790,87259
399.73,400,0.002,20.20006180641022,11800,42997
400.27,400,0.002,20.200135959096336,11810,141749
400.0,400,0.002,20.200060622501006,11820,96037
400.53,400,0.002,20.200017700188077,11830,48768
399.47,400,0.002,20.20013768133805,11840,31
400.0,400,0.002,20.200546731084238,11850,107502
399.73,400,0.002,20.201791455456757,11860,62984
400.0,400,0.002,20.20308114879687,11870,17972
400.27,400,0.002,20.203322227582706,11880,121501
399.73,400,0.002,20.204086825793887,11890,74307
399.47,400,0.002,20.205507823006137,11900,32404
400.0,400,0.002,20.205675420487626,11910,138869
400.27,400,0.002,20.205517046688747,11920,91304
400.27,400,0.002,20.20405751960777,11930,40519
400.27,400,0.002,20.20154763503511,11940,134940
398.94,400,0.002,20.20003371990232,11950,83027
400.53,400,0.002,20.20000166236423,11960,31035
400.27,400,0.002,20.19999250525686,11970,139094
400.27,400,0.002,20.20001224580668,11980,89782
400.27,400,0.002,20.200069231032728,11990,42993
400.27,400,0.002,20.20000409461503,12000,145514
400.0,400,0.002,20.20011650191707,12010,96864
400.53,400,0.002,20.200033249279308,12020,49342
399.73,400,0.002,20.20009569173809,12030,3383
400.27,400,0.002,20.20011045771869,12040,104563
400.53,400,0.002,20.200064953758528,12050,55876
400.27,400,0.002,20.200186602283917,12060,6377
400.27,400,0.002,20.20002343072969,12070,114911
400.27,400,0.002,20.19998074665114,12080,66353
400.27,400,0.002,20.20020123067476,12090,18719
400.0,400,0.002,20.200062926836328,12100,126017
399.2,400,0.002,20.20000371907707,12110,76309
398.67,400,0.002,20.20010895330882,12120,29582
397.61,400,0.002,20.20008605763497,12130,131689
400.53,400,0.002,20.20012478173965,12140,85225
400.53,400,0.002,20.19997403075689,12150,39586
400.53,400,0.002,20.20006798561227,12160,139587
400.53,400,0.002,20.20007712477057,12170,92057
400.27,400,0.002,20.20015632975868,12180,48765
398.41,400,0.002,20.2001117958161,12190,147460
400.53,400,0.002,20.1999665626071,12200,98669
400.53,400,0.002,20.20005866118383,12210,52112
400.53,400,0.002,20.20006205974583,12220,3952
399.73,400,0.002,20.20010593470312,12230,108239
400.0,400,0.002,20.20029563945699,12240,61930
399.73,400,0.002,20.2000602342769,12250,16073
400.27,400,0.002,20.20000266175365,12260,119583
399.2,400,0.002,20.20000859377645,12270,72435
398.94,400,0.002,20.20002122972629,12280,23716
400.27,400,0.002,20.19998198408648,12290,128261
398.94,400,0.002,20.200032570708142,12300,78936
400.27,400,0.002,20.20007045605065,12310,28976
400.27,400,0.002,20.20001283452082,12320,138886
400.0,400,0.002,20.20008296439911,12330,89844
400.0,400,0.002,20.20019135702502,12340,39922
400.27,400,0.002,20.20000247658472,12350,143905
400.27,400,0.002,20.2000412366713,12360,101649
400.27,400,0.002,20.20002979980519,12370,49282
400.53,400,0.002,20.20005722998718,12380,2438
400.27,400,0.002,20.200046241415063,12390,103204
400.27,400,0.002,20.200107646970412,12400,55954
400.0,400,0.002,20.20016929369174,12410,13269
400.53,400,0.002,20.199945441015423,12420,114109
400.27,400,0.002,20.20020145460014,12430,66010
400.27,400,0.002,20.20003023534323,12440,22510
400.27,400,0.002,20.200022922383273,12450,124857
399.73,400,0.002,20.20007210888324,12460,75445
400.53,400,0.002,20.20005690343137,12470,31849
399.73,400,0.002,20.200081359292273,12480,131868
400.27,400,0.002,20.199992425028743,12490,87657
400.27,400,0.002,20.199979268171973,12500,39325
400.27,400,0.002,20.199969465669373,12510,141635
399.73,400,0.002,20.200079151584582,12520,95883
400.27,400,0.002,20.200086112996843,12530,50388
400.27,400,0.002,20.200152183607273,12540,148251
399.73,400,0.002,20.200121167031483,12550,102975
400.0,400,0.002,20.20002195822889,12560,53213
400.27,400,0.002,20.200359812690532,12570,11299
400.27,400,0.002,20.20014351465318,12580,110513
399.2,400,0.002,20.199994352911723,12590,64995
400.53,400,0.002,20.200128932103492,12600,16377
399.73,400,0.002,20.200199700690174,12610,124849
398.94,400,0.002,20.20004090876835,12620,74443
400.27,400,0.002,20.200137101474553,12630,27922
398.67,400,0.002,20.200114359772524,12640,128628
400.27,400,0.002,20.200028801902512,12650,82983
400.27,400,0.002,20.200051838732904,12660,36089
400.53,400,0.002,20.200153531780312,12670,137578
400.53,400,0.002,20.200117454488144,12680,88409
400.53,400,0.002,20.199988933904965,12690,46263
400.53,400,0.002,20.200010541831634,12700,144405
400.0,400,0.002,20.200121424715633,12710,96228
397.88,400,0.002,20.200057215898052,12720,201863
400.27,400,0.002,20.200074867375754,12730,443
398.94,400,0.002,20.200033501466713,12740,105341
400.0,400,0.002,20.200094138562452,12750,63728
400.27,400,0.002,20.200065138951896,12760,18025
400.27,400,0.002,20.199962289852454,12770,119119
400.27,400,0.002,20.200000650058325,12780,71776
400.27,400,0.002,20.200191925197025,12790,21222
399.73,400,0.002,20.200184828076114,12800,126647
400.27,400,0.002,20.199998470930243,12810,78596
400.53,400,0.002,20.200062121148896,12820,30300
400.53,400,0.002,20.200001979678525,12830,132647
398.67,400,0.002,20.200103117107464,12840,86500
399.2,400,0.002,20.199963573156865,12850,35919
400.27,400,0.002,20.200033104667675,12860,143847
398.67,400,0.002,20.200100618222095,12870,96945
400.27,400,0.002,20.200005933548386,12880,46377
398.67,400,0.002,20.200109111849056,12890,151954
400.27,400,0.002,20.199976531642037,12900,105117
400.27,400,0.002,20.199996276020386,12910,56714
399.2,400,0.002,20.199992766305375,12920,12462
398.67,400,0.002,20.200096367656865,12930,117703
400.27,400,0.002,20.200008587892317,12940,63624
400.53,400,0.002,20.200154546267477,12950,20092
400.0,400,0.002,20.200156641394745,12960,121760
399.2,400,0.002,20.199984644712416,12970,76026
398.41,400,0.002,20.200119769506355,12980,30053
400.0,400,0.002,20.200211152071198,12990,132008
399.2,400,0.002,20.200004069979126,13000,78751
400.27,400,0.002,20.200052188008616,13010,35915
400.27,400,0.002,20.200013433938796,13020,138416
400.27,400,0.002,20.200053614263428,13030,92762
399.73,400,0.002,20.200084768983885,13040,40391
398.67,400,0.002,20.200106578918735,13050,145553
399.73,400,0.002,20.200233184203878,13060,104327
400.27,400,0.002,20.200070851411816,13070,53640
400.53,400,0.002,20.200106514587567,13080,7045
398.67,400,0.002,20.200091940609315,13090,109320
400.27,400,0.002,20.199997774280877,13100,59661
400.27,400,0.002,20.199976648277836,13110,14034
400.53,400,0.002,20.199991016764887,13120,118534
399.73,400,0.002,20.2001720836501,13130,69614
400.27,400,0.002,20.20009555934495,13140,24215
400.27,400,0.002,20.200205380696588,13150,126442
400.53,400,0.002,20.199958700516586,13160,79987
400.27,400,0.002,20.200029075961748,13170,35792
399.73,400,0.002,20.20008244493705,13180,135463
400.53,400,0.002,20.200076690433097,13190,86950
399.2,400,0.002,20.19999348702179,13200,36195
400.27,400,0.002,20.19999081766039,13210,144327
398.41,400,0.002,20.20010888682084,13220,96044
400.53,400,0.002,20.20010018731529,13230,49526
400.27,400,0.002,20.200012669730008,13240,438
400.53,400,0.002,20.20008771282332,13250,102533
400.53,400,0.002,20.200036177099648,13260,56936
400.27,400,0.002,20.200084461895297,13270,10934
400.27,400,0.002,20.20013565617482,13280,112849
400.53,400,0.002,20.19997530722091,13290,65524
400.27,400,0.002,20.2000826036448,13300,20037
399.2,400,0.002,20.2001284748088,13310,268384
400.27,400,0.002,20.200001740920648,13320,71713
400.53,400,0.002,20.199960268681778,13330,24851
399.73,400,0.002,20.200128913979928,13340,128217
400.27,400,0.002,20.20001469562266,13350,80365
400.0,400,0.002,20.20008372303787,13360,33902
400.53,400,0.002,20.19996380047104,13370,136213
400.27,400,0.002,20.20020381419613,13380,89435
400.53,400,0.002,20.20004804633837,13390,46881
400.27,400,0.002,20.20004001310174,13400,148157
399.2,400,0.002,20.20002415358199,13410,102826
399.2,400,0.002,20.20008062279758,13420,48720
398.67,400,0.002,20.20009426958404,13430,2404
400.27,400,0.002,20.20022516868249,13440,109906
400.53,400,0.002,20.20010551157204,13450,59881
400.27,400,0.002,20.2000637413116,13460,15974
400.27,400,0.002,20.20002081474785,13470,118939
398.94,400,0.002,20.20002673769665,13480,69742
400.27,400,0.002,20.20006803656977,13490,23521
400.27,400,0.002,20.200054373928243,13500,125872
400.27,400,0.002,20.20005090322794,13510,79785
400.27,400,0.002,20.200109647874672,13520,30237
400.27,400,0.002,20.20034515814564,13530,137259
400.27,400,0.002,20.200070469427832,13540,87599
400.27,400,0.002,20.20003619227068,13550,39999
399.73,400,0.002,20.200460379368373,13560,144894
400.27,400,0.002,20.200943953499642,13570,98452
400.53,400,0.002,20.20008915455977,13580,46406
399.47,400,0.002,20.20011449559984,13590,148947
400.27,400,0.002,20.200241577304883,13600,98093
400.27,400,0.002,20.200082879483933,13610,53935
400.0,400,0.002,20.200055373935392,13620,9319
400.53,400,0.002,20.199985874584932,13630,112247
400.27,400,0.002,20.20029387214194,13640,67218
400.0,400,0.002,20.20012898622642,13650,19088
400.0,400,0.002,20.200064564016284,13660,117986
400.53,400,0.002,20.200172948817613,13670,70788
400.53,400,0.002,20.199999798519272,13680,20001
400.27,400,0.002,20.19997946680533,13690,125501
400.27,400,0.002,20.20009006211682,13700,79479
400.27,400,0.002,20.199980398038544,13710,29064
400.27,400,0.002,20.200056217161272,13720,133078
399.73,400,0.002,20.2001958951523,13730,88892
398.94,400,0.002,20.199999239532954,13740,42234
400.27,400,0.002,20.200050947575374,13750,145376
400.27,400,0.002,20.200165353642294,13760,96593
400.27,400,0.002,20.199990695332403,13770,46874
398.94,400,0.002,20.200017949318255,13780,5877
400.27,400,0.002,20.200133704332995,13790,107215
400.53,400,0.002,20.200185080190234,13800,58760
400.27,400,0.002,20.200040293931572,13810,10978
400.27,400,0.002,20.200067798604124,13820,114293
400.27,400,0.002,20.200030044681053,13830,71918
400.53,400,0.002,20.200174860828074,13840,19138
400.0,400,0.002,20.200150195574153,13850,121380
400.27,400,0.002,20.200149787917724,13860,73497
400.27,400,0.002,20.200036385620173,13870,32901
400.27,400,0.002,20.200070610158594,13880,132198
400.53,400,0.002,20.200008226886723,13890,82615
400.27,400,0.002,20.200056243500306,13900,37275
400.27,400,0.002,20.199961263408564,13910,139151
400.27,400,0.002,20.199980746082286,13920,91951
400.0,400,0.002,20.200188577662324,13930,46030
400.27,400,0.002,20.200079111763696,13940,147846
400.27,400,0.002,20.200052973373793,13950,101640
400.27,400,0.002,20.200039583500192,13960,53167
400.27,400,0.002,20.199965352927745,13970,8134
400.0,400,0.002,20.200012296352366,13980,110383
399.73,400,0.002,20.200731372867203,13990,65180
399.73,400,0.002,20.202391196681045,14000,23190
398.94,400,0.002,20.203424328607642,14010,132191
399.73,400,0.002,20.203696167803272,14020,84857
400.27,400,0.002,20.202332863229604,14030,31045
400.53,400,0.002,20.200219793482216,14040,128743
400.27,400,0.002,20.199982340778455,14050,79605
400.53,400,0.002,20.199961013384964,14060,33312
400.27,400,0.002,20.200079552547205,14070,135504
400.0,400,0.002,20.200090934288763,14080,84995
400.27,400,0.002,20.200084169702034,14090,36828
400.53,400,0.002,20.200089086864246,14100,141275
400.53,400,0.002,20.200085763232543,14110,94785
400.0,400,0.002,20.200354312806525,14120,45651
400.53,400,0.002,20.199978718472554,14130,147697
399.2,400,0.002,20.199995875368394,14140,102385
400.27,400,0.002,20.199979311496843,14150,55390
400.27,400,0.002,20.199994715240045,14160,5889
399.73,400,0.002,20.200092568017094,14170,107601
400.27,400,0.002,20.200009632927454,14180,62465
400.27,400,0.002,20.199980349827683,14190,17858
400.27,400,0.002,20.200208210046576,14200,118255
400.27,400,0.002,20.200101973985895,14210,71932
399.2,400,0.002,20.200006347225074,14220,23042
400.27,400,0.002,20.199962524272276,14230,127319
