67.142,5.062,20.008643090019685,1,114245
43.902,5.062,20.018729784785485,1,157087
18.102,5.062,20.03010263081571,1,199487
88.862,5.062,20.039443391507824,1,239761
54.082,5.062,20.048672762778736,1,275724
7.242,5.062,20.057968182524405,3,316730
399.47,0.000,20.33847723469419,5,862629
0.53,.000
,20.40862846829419,6,14286
400,,20.429919374015668,6,167011
400,,20.429919374015668,6,312628
960.0,0
402,20.401566697775667,6,461860
60.0,
402.,20.390103904455668,6,615666
400,
401.0,20.408395462115667,6,765796
400,402.41,20.408395462115667,6,914547
400,,20.408395462115667,7,65979
400,,20.408395462115667,7,218638
400,,20.408395462115667,7,372450
402.0,960.00,20.408288123675668,7,516462
402.9,60.000,20.40804222497647,7,667768
402.96,0.000,20.407732956860528,7,954282
2.96,.000
,20.44717025828485,8,106688
400,,20.468315992081727,8,254642
400,,20.468315992081727,8,404678
230.0,0
402,20.47722213704173,8,556087
60.0,
402.,20.50426985342173,8,703492
400,
404.0,20.521702194021728,8,856105
400,404.86,20.521702194021728,9,8740
400,,20.521702194021728,9,153797
400,,20.521702194021728,9,306578
400,,20.521702194021728,9,454153
404.0,860.00,20.52149579402573,9,604342
404.8,60.000,20.52103501267613,9,751932
404.86,0.000,20.520536796050926,10,39602
4.86,.000
,20.55971790016297,10,186027
400,,20.58000990154653,10,338590
400,,20.58000990154653,10,486423
860.0,0
405,20.556306973246528,10,637784
30.0,
404.,20.55155306974653,10,783944
400,
405.1,20.570420641436527,10,936520
400,404.86,20.570420641436527,11,81817
400,,20.570420641436527,11,235641
400,,20.570420641436527,11,382088
400,,20.570420641436527,11,534522
405.0,130.00,20.57015507163153,11,685905
404.8,60.000,20.569636063121926,11,832352
404.86,0.000,20.569141558342068,12,120121
4.86,.000
,20.60827240180543,12,267586
400,,20.62865348908255,12,417669
400,,20.62865348908255,12,566278
60.0,0
406,20.646245190062547,12,710892
80.0,
406.,20.679319941002547,12,866387
400,
406.7,20.69668026196255,13,8558
400,406.50,20.69668026196255,13,157402
400,,20.69668026196255,13,308714
400,,20.69668026196255,13,457770
400,,20.69668026196255,13,609116
406.0,780.00,20.696363356002546,13,755426
406.7,80.000,20.69571346558275,13,903130
406.78,0.000,20.695018720887226,14,188141
6.78,.000
,20.73366636888083,14,340794
400,,20.754620731982808,14,489809
400,,20.754620731982808,14,633668
400,0
409,20.754620731982808,14,782392
400,
409.,20.754620731982808,14,933981
400,
409.2,20.754620731982808,15,81791
400,409.00,20.754620731982808,15,229563
400,,20.754620731982808,15,376014
400,,20.754620731982808,15,523748
400,,20.754620731982808,15,670100
409.0,000.00,20.75417182654481,15,821397
409.0,00.000,20.753218489070807,15,970513
