402.68,400,0.000,20.41333565958835,10,26506
400.53,400,0.000,20.39906637963782,20,76251
400.27,400,0.000,20.39710265456024,30,21426
400.0,400,0.000,20.3954748780204,40,119279
400.0,400,0.000,20.39452180226499,50,70553
400.27,400,0.000,20.39274964844214,60,15879
400.27,400,0.000,20.39100719125614,70,111823
400.27,400,0.000,20.38919416155515,80,56685
400.27,400,0.000,20.38736324030285,90,2144
400.27,400,0.000,20.38496782373065,100,96434
400.27,400,0.000,20.38297342750003,110,41245
400.53,400,0.000,20.38032387164761,120,133652
400.53,400,0.000,20.377342444764054,130,76180
400.27,400,0.000,20.374361335861373,140,17134
400.53,400,0.000,20.371070414004894,150,111709
400.53,400,0.000,20.367708050347712,160,53675
400.53,400,0.000,20.364057072049082,170,141789
400.53,400,0.000,20.360456413212614,180,77814
400.53,400,0.000,20.356872124716723,190,21172
400.53,400,0.000,20.353039544156413,200,108661
400.53,400,0.000,20.348908675397084,210,46945
400.53,400,0.000,20.344695084466032,220,134182
400.53,400,0.000,20.340447725914345,230,72981
400.53,400,0.000,20.336273303253293,240,5995
400.53,400,0.000,20.331635815578593,250,94664
400.53,400,0.000,20.326965495285663,260,30045
400.8,400,0.000,20.322109542021863,270,113736
400.0,400,0.000,20.316996425110155,280,197600
400.8,400,0.000,20.311596208869624,290,132033
400.8,400,0.000,20.306287258739612,300,65486
400.8,400,0.000,20.301100734145106,310,150048
400.27,400,0.000,20.300047155994175,320,99354
398.94,400,0.002,20.300058750189482,330,53200
400.8,400,0.002,20.299946544092926,340,9178
400.8,400,0.002,20.300023972712914,350,108826
399.47,400,0.002,20.299920311249664,360,64567
400.8,400,0.002,20.299994105125393,370,16808
400.8,400,0.002,20.299987502450232,380,118274
400.8,400,0.002,20.299978286707372,390,71935
400.8,400,0.002,20.299990588768914,400,27690
400.53,400,0.002,20.299957050388922,410,128965
400.53,400,0.002,20.299980581487073,420,83604
400.53,400,0.002,20.300124431162352,430,37932
399.47,400,0.002,20.299919572423644,440,139597
399.47,400,0.002,20.299984553264125,450,92673
400.8,400,0.002,20.300044724242444,460,43382
400.53,400,0.002,20.300059288392855,470,147397
398.94,400,0.002,20.300039967211905,480,99459
400.8,400,0.002,20.299962865070945,490,57032
400.53,400,0.002,20.300140511435075,500,10597
398.94,400,0.002,20.300019937637735,510,112867
400.0,400,0.002,20.300100946100795,520,64386
399.47,400,0.002,20.299932099391253,530,20508
400.53,400,0.002,20.300066566662213,540,121979
400.53,400,0.002,20.300006475925976,550,73376
399.47,400,0.002,20.299934409910854,560,27367
400.8,400,0.002,20.299960063368744,570,129381
400.8,400,0.002,20.299987216545944,580,82999
400.8,400,0.002,20.299964122706406,590,38655
400.27,400,0.002,20.300107398911866,600,139149
400.53,400,0.002,20.300311959639476,610,91242
399.47,400,0.002,20.299940009214506,620,46358
400.8,400,0.002,20.300042493574043,630,148539
398.94,400,0.002,20.300013908938443,640,102685
400.27,400,0.002,20.300110822378503,650,54257
398.94,400,0.002,20.300074879482743,660,5009
400.53,400,0.002,20.299974873099984,670,108344
399.2,400,0.002,20.299953967926694,680,61104
400.27,400,0.002,20.300140872063754,690,19693
400.27,400,0.002,20.300049433194744,700,119886
400.53,400,0.002,20.300115279663416,710,73967
400.27,400,0.002,20.300178039495815,720,27636
400.53,400,0.002,20.300054272711435,730,126907
399.73,400,0.002,20.300098252630473,740,83964
398.67,400,0.002,20.300109260223095,750,35875
400.27,400,0.002,20.300021441318194,760,138326
400.53,400,0.002,20.299958552006796,770,91058
400.53,400,0.002,20.299998304750584,780,40701
400.0,400,0.002,20.300220718360304,790,146705
400.27,400,0.002,20.299989382862236,800,100574
400.53,400,0.002,20.299972625571396,810,50531
400.27,400,0.002,20.300065018337676,820,6802
398.94,400,0.002,20.300031140586594,830,110503
400.27,400,0.002,20.300091403624137,840,62236
400.8,400,0.002,20.299994796218684,850,10071
399.2,400,0.002,20.299999342575376,860,114332
398.14,400,0.002,20.300020677978416,870,216753
398.94,400,0.002,20.300020228414066,880,19458
399.47,400,0.002,20.299925762099186,890,126715
400.8,400,0.002,20.299969365031917,900,81417
400.0,400,0.002,20.300098087776835,910,31342
398.94,400,0.002,20.300063876762167,920,137206
399.2,400,0.002,20.299966574389526,930,91709
398.94,400,0.002,20.300030284444226,940,40878
400.8,400,0.002,20.300048049779686,950,146987
399.47,400,0.002,20.299942619650746,960,100480
400.8,400,0.002,20.299998415935004,970,53073
399.73,400,0.002,20.300138740169334,980,1295
398.67,400,0.002,20.300063079101726,990,107179
400.53,400,0.002,20.300056906492284,1000,59855
400.8,400,0.002,20.299951955187854,1010,8161
400.53,400,0.002,20.299960419914125,1020,118710
400.8,400,0.002,20.299988284876825,1030,69308
400.8,400,0.002,20.300041074365545,1040,17799
400.27,400,0.002,20.300123751774525,1050,124667
400.8,400,0.002,20.299989807441676,1060,80956
400.27,400,0.002,20.300123131769045,1070,32212
399.2,400,0.002,20.299942139636144,1080,132310
400.8,400,0.002,20.300065415199537,1090,85500
399.47,400,0.002,20.300051988471534,1100,35177
399.73,400,0.002,20.300038444137513,1110,146010
400.0,400,0.002,20.299923067655154,1120,95055
400.0,400,0.002,20.299923638594723,1130,49156
400.27,400,0.002,20.299474130622183,1140,153239
399.73,400,0.002,20.299963937321095,1150,104450
399.73,400,0.002,20.299935551660866,1160,58273
400.53,400,0.002,20.299845946992765,1170,8663
399.73,400,0.002,20.299962592278586,1180,114078
399.73,400,0.002,20.300027047776343,1190,66659
401.61,400,0.002,20.299952032931095,1200,15713
399.73,400,0.002,20.299951571263424,1210,122455
399.73,400,0.002,20.299917756091535,1220,72046
399.73,400,0.002,20.299873662450842,1230,28380
399.73,400,0.002,20.299933236422785,1240,127199
400.0,400,0.002,20.299770637699705,1250,81694
400.0,400,0.002,20.299902264138584,1260,34909
400.0,400,0.002,20.299793227691435,1270,138729
400.0,400,0.002,20.299968345334186,1280,92124
400.0,400,0.002,20.300005208427773,1290,46766
400.0,400,0.002,20.299837394747765,1300,146645
399.73,400,0.002,20.299753187752053,1310,98091
400.0,400,0.002,20.299970718918082,1320,50591
400.0,400,0.002,20.299833503293065,1330,2458
400.0,400,0.002,20.299892700959244,1340,104532
399.73,400,0.002,20.299877745255262,1350,58028
401.07,400,0.002,20.299949362337724,1360,8302
400.0,400,0.002,20.299982826080573,1370,114319
399.73,400,0.002,20.299933589750385,1380,67791
400.0,400,0.002,20.300011382558854,1390,18044
399.73,400,0.002,20.299910750412113,1400,123679
399.73,400,0.002,20.299902082009442,1410,72800
401.07,400,0.002,20.299955611859783,1420,30655
399.73,400,0.002,20.299912512314183,1430,130781
400.0,400,0.002,20.299991984098835,1440,80931
400.0,400,0.002,20.299997778154953,1450,35048
398.94,400,0.002,20.299951675118844,1460,287198
400.53,400,0.002,20.299865594066425,1470,90816
401.34,400,0.002,20.299953675600804,1480,40558
400.0,400,0.002,20.299851424422123,1490,148351
399.73,400,0.002,20.299901809248492,1500,100603
400.0,400,0.002,20.299963510909404,1510,50298
400.0,400,0.002,20.299924119659813,1520,3892
399.73,400,0.002,20.299886570756794,1530,103301
400.0,400,0.002,20.299991210044755,1540,58161
400.0,400,0.002,20.299508847386715,1550,11192
399.73,400,0.002,20.299820914489633,1560,113159
399.2,400,0.002,20.299794796502272,1570,67994
400.27,400,0.002,20.299922826401925,1580,22038
400.0,400,0.002,20.299754899171273,1590,123163
400.0,400,0.002,20.299994754174655,1600,75181
400.0,400,0.002,20.299967896056014,1610,27421
400.0,400,0.002,20.299801941854984,1620,130377
399.73,400,0.002,20.299716365641533,1630,80775
400.53,400,0.002,20.299872902534755,1640,34041
400.0,400,0.002,20.299590923426813,1650,136817
400.27,400,0.002,20.299759674276523,1660,90426
400.0,400,0.002,20.299620244598994,1670,44433
400.0,400,0.002,20.299615611952053,1680,148964
400.0,400,0.002,20.299302862110903,1690,99936
400.0,400,0.002,20.299327727041685,1700,50010
400.27,400,0.002,20.298859180661953,1710,1853
400.27,400,0.002,20.299255768843135,1720,106095
400.27,400,0.002,20.299042251198046,1730,57957
400.27,400,0.002,20.299082096932885,1740,10858
400.27,400,0.002,20.298640318361063,1750,112934
400.27,400,0.002,20.298043961379324,1760,62539
400.0,400,0.002,20.297531890183535,1770,13197
400.27,400,0.002,20.297003545299223,1780,114826
400.27,400,0.002,20.296150322719065,1790,65036
400.0,400,0.002,20.295825044085035,1800,17912
400.0,400,0.002,20.295767268384456,1810,118826
400.0,400,0.002,20.295511278692274,1820,68933
400.27,400,0.002,20.294504468174665,1830,18176
400.0,400,0.002,20.293906710167324,1840,120425
400.27,400,0.002,20.293393411398934,1850,74051
400.27,400,0.002,20.292582820323965,1860,24221
400.0,400,0.002,20.291520442665025,1870,122065
399.73,400,0.002,20.290439267196003,1880,75440
400.0,400,0.002,20.289829159376943,1890,19192
400.0,400,0.002,20.288959898711184,1900,121396
400.27,400,0.002,20.288720420324175,1910,71982
400.27,400,0.002,20.287631138436716,1920,20806
400.27,400,0.002,20.286468277221275,1930,122418
400.27,400,0.002,20.284912065961826,1940,66711
400.53,400,0.002,20.283734743753396,1950,18545
400.27,400,0.002,20.282571503209855,1960,114293
400.53,400,0.002,20.281648486402155,1970,64427
400.27,400,0.002,20.280503758762546,1980,14439
400.53,400,0.002,20.279495829630136,1990,116062
400.27,400,0.002,20.278110305730657,2000,62354
400.27,400,0.002,20.276790634822653,2010,12143
400.0,400,0.002,20.275477053737806,2020,109444
400.27,400,0.002,20.274314196235725,2030,59316
400.27,400,0.002,20.273134471043637,2040,8045
399.73,400,0.002,20.271891494274655,2050,258370
400.27,400,0.002,20.269643551128496,2060,50769
400.27,400,0.002,20.268067672270696,2070,147458
400.27,400,0.002,20.266808817369796,2080,98808
400.0,400,0.002,20.265188650321257,2090,45475
400.27,400,0.002,20.262906847125297,2100,141115
400.27,400,0.002,20.261449163308757,2110,87237
400.53,400,0.002,20.260740496486715,2120,36911
400.0,400,0.002,20.259187423857558,2130,138908
400.0,400,0.002,20.257170984664786,2140,84289
400.27,400,0.002,20.255805995454157,2150,32861
400.27,400,0.002,20.254713755638136,2160,129661
400.53,400,0.002,20.252060330426207,2170,75886
400.27,400,0.002,20.250818449499775,2180,25508
400.27,400,0.002,20.248712242690807,2190,115728
400.27,400,0.002,20.246689227619097,2200,67726
400.0,400,0.002,20.245006164715406,2210,15303
400.53,400,0.002,20.243956587556315,2220,112231
400.0,400,0.002,20.242024600378198,2230,59541
400.27,400,0.002,20.240123137905737,2240,6729
400.27,400,0.002,20.23914584488328,2250,103604
400.0,400,0.002,20.237367756249117,2260,49719
400.53,400,0.002,20.235722191064106,2270,142828
400.0,400,0.002,20.233718889407466,2280,92019
400.27,400,0.002,20.232208457860057,2290,41160
400.27,400,0.002,20.23100313423342,2300,139698
400.27,400,0.002,20.228583626484376,2310,83189
400.53,400,0.002,20.22684071700136,2320,28568
400.27,400,0.002,20.2249204844364,2330,126224
400.0,400,0.002,20.22413625743218,2340,79716
400.27,400,0.002,20.22228730973658,2350,22496
400.27,400,0.002,20.219513524304837,2360,117600
400.27,400,0.002,20.2180020331341,2370,66589
400.27,400,0.002,20.21565500369831,2380,10490
400.53,400,0.002,20.21441936350961,2390,109051
400.53,400,0.002,20.21181212868151,2400,54498
400.27,400,0.002,20.2103166154532,2410,112
400.0,400,0.002,20.20838678723445,2420,96657
400.53,400,0.002,20.20590389164845,2430,40086
400.27,400,0.002,20.20395202190543,2440,136366
400.53,400,0.002,20.20162049048821,2450,77968
400.27,400,0.002,20.20000206347689,2460,27630
400.0,400,0.002,20.20001196420554,2470,134067
400.0,400,0.002,20.20007894080252,2480,88882
400.0,400,0.002,20.20036512243235,2490,40914
400.27,400,0.002,20.20003415863369,2500,143882
400.27,400,0.002,20.199978557901108,2510,96543
400.27,400,0.002,20.20005931434778,2520,47935
399.73,400,0.002,20.20010881015249,2530,1679
400.0,400,0.002,20.20004423111222,2540,103801
400.53,400,0.002,20.20002662112713,2550,59802
400.27,400,0.002,20.20014915258413,2560,11834
400.27,400,0.002,20.20005946800899,2570,115425
400.53,400,0.002,20.20004531538542,2580,68502
400.27,400,0.002,20.20022786990407,2590,22356
400.27,400,0.002,20.19999665230867,2600,123339
398.94,400,0.002,20.20003075986578,2610,76134
400.27,400,0.002,20.200005339609692,2620,29900
400.0,400,0.002,20.20008485455168,2630,135274
399.47,400,0.002,20.20007832648923,2640,81908
400.0,400,0.002,20.200146262235933,2650,40601
399.73,400,0.002,20.200429990845972,2660,146134
400.0,400,0.002,20.201293491256262,2670,98871
400.27,400,0.002,20.200000293840983,2680,49127
399.73,400,0.002,20.20013875278897,2690,2775
398.94,400,0.002,20.19998597817159,2700,105858
399.2,400,0.002,20.20001122484555,2710,59839
400.27,400,0.002,20.20000032561743,2720,15541
400.0,400,0.002,20.20065794255521,2730,115730
400.27,400,0.002,20.2001083365909,2740,65102
400.27,400,0.002,20.200166394161332,2750,18850
400.0,400,0.002,20.20046637533143,2760,122247
400.27,400,0.002,20.199986459460042,2770,76070
398.67,400,0.002,20.20004357110087,2780,30894
400.27,400,0.002,20.20011490820157,2790,131864
400.0,400,0.002,20.20059219209295,2800,85508
400.27,400,0.002,20.200448268377322,2810,40087
400.0,400,0.002,20.200814328041762,2820,140565
400.0,400,0.002,20.200215802262342,2830,93138
400.0,400,0.002,20.20043813903971,2840,45173
400.0,400,0.002,20.200235332567583,2850,148765
399.73,400,0.002,20.200495418971833,2860,100167
400.0,400,0.002,20.20005597190149,2870,52824
400.0,400,0.002,20.20042515329415,2880,6892
399.73,400,0.002,20.200086590355532,2890,108879
400.0,400,0.002,20.200549809400332,2900,62754
398.94,400,0.002,20.20004553394667,2910,16606
399.73,400,0.002,20.200277287145394,2920,116269
400.27,400,0.002,20.20005780761357,2930,77431
400.0,400,0.002,20.200112859316803,2940,23087
400.0,400,0.002,20.200578899663643,2950,123086
399.73,400,0.002,20.200803428712433,2960,78951
400.0,400,0.002,20.202138515819442,2970,34989
399.73,400,0.002,20.202780998763103,2980,144206
400.0,400,0.002,20.203957821768913,2990,101833
399.73,400,0.002,20.205754547903492,3000,59669
399.73,400,0.002,20.207647590419402,3010,17246
400.0,400,0.002,20.209206358264392,3020,126911
399.73,400,0.002,20.211033196991472,3030,85116
400.0,400,0.002,20.21282901577491,3040,42377
400.0,400,0.002,20.213594905813082,3050,2977
399.47,400,0.002,20.21497655569739,3060,107087
400.0,400,0.002,20.21778508582762,3070,70792
399.73,400,0.002,20.21868998357091,3080,26376
400.0,400,0.002,20.22051983011261,3090,136505
399.73,400,0.002,20.222770803590873,3100,100671
399.47,400,0.002,20.22460118355115,3110,57473
399.73,400,0.002,20.22701274439569,3120,17736
399.47,400,0.002,20.2304773727902,3130,135207
399.2,400,0.002,20.235241985274932,3140,106267
399.2,400,0.002,20.240657409790742,3150,75210
399.47,400,0.002,20.2449899921287,3160,43865
399.47,400,0.002,20.24894773230098,3170,10444
399.73,400,0.002,20.25204965873213,3180,131688
399.47,400,0.002,20.254819278834912,3190,93553
399.47,400,0.002,20.257549155390052,3200,54441
399.47,400,0.002,20.26059706978199,3210,20815
399.73,400,0.002,20.26310405474748,3220,134054
399.47,400,0.002,20.26565478285994,3230,95892
399.73,400,0.002,20.26846283727525,3240,57802
399.47,400,0.002,20.27112148223937,3250,19901
399.47,400,0.002,20.2739469613452,3260,137778
399.73,400,0.002,20.27668884100499,3270,99610
399.73,400,0.002,20.279046198823558,3280,61139
399.73,400,0.002,20.28107041438896,3290,20545
399.73,400,0.002,20.28305208067008,3300,133359
399.73,400,0.002,20.28478340559019,3310,90727
400.0,400,0.002,20.285919687387917,3320,48365
400.0,400,0.002,20.2865433127727,3330,5058
399.2,400,0.002,20.287383811249107,3340,258203
400.0,400,0.002,20.2883449378133,3350,63179
399.73,400,0.002,20.28959198464471,3360,17679
400.0,400,0.002,20.290598111021108,3370,124025
400.0,400,0.002,20.290342057580588,3380,77174
399.73,400,0.002,20.29111006894895,3390,35223
400.0,400,0.002,20.29266923095105,3400,144278
400.0,400,0.002,20.292864459966587,3410,94587
399.73,400,0.002,20.29364577677498,3420,52488
399.73,400,0.002,20.29543264041735,3430,9994
400.0,400,0.002,20.296369231852267,3440,117841
399.2,400,0.002,20.297264644515437,3450,70055
399.73,400,0.002,20.29906808081718,3460,30106
400.0,400,0.002,20.29993516522713,3470,139037
399.73,400,0.002,20.29997185045636,3480,88901
399.73,400,0.002,20.29998226566685,3490,43446
399.73,400,0.002,20.30000166949449,3500,149634
399.73,400,0.002,20.2998880625224,3510,99063
400.0,400,0.002,20.299848863802147,3520,52819
399.73,400,0.002,20.300011842743277,3530,7260
399.73,400,0.002,20.2999497567182,3540,108957
399.73,400,0.002,20.29990633029571,3550,59857
399.73,400,0.002,20.300100016396208,3560,15022
400.0,400,0.002,20.299873266775588,3570,115264
400.27,400,0.002,20.29994003386089,3580,71053
399.73,400,0.002,20.299981569157076,3590,20473
400.0,400,0.002,20.299946450421327,3600,126424
399.73,400,0.002,20.299915535579036,3610,80304
399.73,400,0.002,20.299973772301637,3620,30175
399.73,400,0.002,20.29996135597401,3630,135219
400.27,400,0.002,20.299914822383577,3640,85446
401.34,400,0.002,20.299946231444768,3650,40116
400.0,400,0.002,20.299895203725498,3660,141538
400.53,400,0.002,20.299913099405476,3670,92332
399.73,400,0.002,20.299991488239638,3680,46421
400.27,400,0.002,20.299889356296806,3690,149251
399.73,400,0.002,20.299955690370826,3700,104178
400.0,400,0.002,20.299952384436917,3710,56706
400.27,400,0.002,20.299894772026455,3720,8204
401.34,400,0.002,20.299953033179058,3730,112332
399.73,400,0.002,20.299894387463358,3740,62272
401.34,400,0.002,20.299958229070118,3750,13221
400.0,400,0.002,20.299882994756217,3760,119599
400.27,400,0.002,20.299898624860816,3770,68301
400.53,400,0.002,20.299766360355708,3780,23334
399.73,400,0.002,20.299906717368117,3790,125132
399.73,400,0.002,20.299874790701537,3800,81701
399.73,400,0.002,20.299895530452318,3810,33233
399.73,400,0.002,20.299963911310126,3820,136107
399.73,400,0.002,20.299998311573535,3830,90044
400.0,400,0.002,20.299955692915038,3840,38354
400.0,400,0.002,20.299885626746697,3850,143328
400.0,400,0.002,20.299984791111115,3860,103431
400.27,400,0.002,20.299912664956317,3870,49609
399.73,400,0.002,20.299892267665275,3880,2434
400.0,400,0.002,20.299926630104068,3890,102874
399.73,400,0.002,20.299984155808968,3900,55609
400.0,400,0.002,20.299874886735868,3910,6020
400.0,400,0.002,20.299922181449926,3920,109274
400.0,400,0.002,20.299952072957907,3930,58236
400.0,400,0.002,20.299430555337235,3940,12520
400.0,400,0.002,20.299357975807006,3950,115706
399.73,400,0.002,20.299825740133578,3960,68736
400.0,400,0.002,20.299875178217174,3970,25489
400.27,400,0.002,20.299705018046136,3980,127281
400.27,400,0.002,20.299306958180818,3990,76168
400.0,400,0.002,20.299572869873195,4000,29547
400.0,400,0.002,20.299487826261664,4010,134928
400.27,400,0.002,20.298804544687528,4020,85163
399.73,400,0.002,20.298363052714507,4030,35400
399.47,400,0.002,20.297780996772076,4040,132931
400.0,400,0.002,20.297425096829187,4050,86772
400.27,400,0.002,20.296760100583057,4060,35022
399.73,400,0.002,20.296146493836577,4070,136297
400.0,400,0.002,20.296443700721916,4080,89812
400.27,400,0.002,20.295831835750676,4090,40075
400.53,400,0.002,20.293373890394548,4100,134190
400.53,400,0.002,20.291050817306427,4110,79859
400.27,400,0.002,20.288698503829156,4120,26277
400.0,400,0.002,20.286885867684997,4130,121646
400.27,400,0.002,20.285182881920868,4140,66191
400.53,400,0.002,20.28296878379657,4150,11223
400.0,400,0.002,20.28057815912699,4160,104073
400.0,400,0.002,20.28098642249242,4170,58566
400.27,400,0.002,20.279420403376708,4180,10866
400.53,400,0.002,20.27717757777111,4190,105064
400.53,400,0.002,20.27527860965051,4200,50919
400.27,400,0.002,20.273081063423568,4210,147073
400.53,400,0.002,20.27143581477807,4220,92421
400.53,400,0.002,20.26887687507253,4230,34743
400.53,400,0.002,20.266609366448908,4240,131351
400.0,400,0.002,20.26680295734919,4250,86743
400.0,400,0.002,20.267682762477587,4260,35089
400.0,400,0.002,20.26668862042964,4270,140234
400.27,400,0.002,20.26527063569116,4280,86159
400.27,400,0.002,20.26440312478576,4290,35218
400.27,400,0.002,20.26391765879878,4300,135863
400.27,400,0.002,20.262752440207,4310,85119
400.0,400,0.002,20.26223889127541,4320,37474
400.27,400,0.002,20.26091968833453,4330,137000
400.0,400,0.002,20.26022512183143,4340,86946
400.27,400,0.002,20.25959740563268,4350,33658
400.27,400,0.002,20.25799985749401,4360,131554
400.0,400,0.002,20.257032641801178,4370,81249
400.0,400,0.002,20.25618092604248,4380,31766
400.53,400,0.002,20.25453489186778,4390,130371
400.27,400,0.002,20.25318858698988,4400,81301
400.0,400,0.002,20.25260486681652,4410,31565
400.27,400,0.002,20.25181999310483,4420,132018
400.0,400,0.002,20.2507692709954,4430,77475
400.27,400,0.002,20.24949147909275,4440,27454
400.53,400,0.002,20.24803627853336,4450,123620
399.73,400,0.002,20.24832340998763,4460,77538
400.0,400,0.002,20.24879068691476,4470,31576
400.0,400,0.002,20.24850685422943,4480,133325
400.27,400,0.002,20.24704358153038,4490,81077
400.27,400,0.002,20.24569871774677,4500,29313
400.27,400,0.002,20.24323967407717,4510,120243
399.2,400,0.002,20.2425851736012,4520,219559
400.27,400,0.002,20.24194503634936,4530,22474
400.53,400,0.002,20.24036891076252,4540,118786
400.27,400,0.002,20.23852955344732,4550,61434
400.27,400,0.002,20.236359141729572,4560,7361
400.27,400,0.002,20.23477843543048,4570,106161
400.53,400,0.002,20.23272907951048,4580,56877
400.27,400,0.002,20.23102905763583,4590,149235
400.27,400,0.002,20.22966671457112,4600,99981
400.53,400,0.002,20.22730530057334,4610,40789
400.27,400,0.002,20.226285373232752,4620,143609
400.27,400,0.002,20.225657508555443,4630,89447
400.0,400,0.002,20.224903839111743,4640,40873
400.27,400,0.002,20.22317297957964,4650,138746
400.27,400,0.002,20.22255752891609,4660,94066
400.0,400,0.002,20.22098568055459,4670,39553
400.27,400,0.002,20.220868161990502,4680,140931
400.0,400,0.002,20.21984092307199,4690,91056
400.27,400,0.002,20.218702392021612,4700,39835
400.27,400,0.002,20.217369637864433,4710,134968
400.0,400,0.002,20.216444640338644,4720,87652
400.27,400,0.002,20.215989067053222,4730,37840
400.0,400,0.002,20.215758648067542,4740,138905
400.27,400,0.002,20.21466324448276,4750,91329
399.73,400,0.002,20.214703399874832,4760,41672
400.0,400,0.002,20.214870856985033,4770,144914
400.27,400,0.002,20.214773082712043,4780,94634
400.0,400,0.002,20.214175335631893,4790,44150
400.53,400,0.002,20.212770177065703,4800,146824
400.0,400,0.002,20.212500149148664,4810,97448
400.27,400,0.002,20.211208761141332,4820,47298
399.73,400,0.002,20.211661620606243,4830,1405
400.0,400,0.002,20.213051992496133,4840,106923
400.0,400,0.002,20.21360619352357,4850,61140
400.0,400,0.002,20.214088835625912,4860,16883
400.0,400,0.002,20.214623289737773,4870,120545
400.0,400,0.002,20.21473436818741,4880,73752
400.0,400,0.002,20.214648492807672,4890,23943
400.27,400,0.002,20.214446574599872,4900,129476
400.0,400,0.002,20.213978596287443,4910,77257
400.27,400,0.002,20.21270207824526,4920,25208
400.0,400,0.002,20.21234712061982,4930,127722
399.73,400,0.002,20.212557291581764,4940,79953
400.0,400,0.002,20.212413317648522,4950,33115
400.0,400,0.002,20.21239742020992,4960,134438
400.27,400,0.002,20.212468525791003,4970,93536
400.0,400,0.002,20.212508008272682,4980,37084
399.73,400,0.002,20.21420783759705,4990,145225
399.73,400,0.002,20.216053439977582,5000,107345
400.0,400,0.002,20.217586301200082,5010,67810
400.0,400,0.002,20.21886362061955,5020,21831
400.0,400,0.002,20.21918985732838,5030,123341
400.0,400,0.002,20.2191324980197,5040,79209
400.0,400,0.002,20.218830561629453,5050,31729
400.0,400,0.002,20.21808704200617,5060,132467
400.0,400,0.002,20.217501283917112,5070,81960
400.0,400,0.002,20.217727273935743,5080,36119
400.0,400,0.002,20.216774266169022,5090,133802
400.27,400,0.002,20.216132940565203,5100,87921
399.2,400,0.002,20.215194496627813,5110,181924
400.0,400,0.002,20.214382014751113,5120,129971
400.0,400,0.002,20.21327033723002,5130,83183
399.73,400,0.002,20.21315192924641,5140,32663
400.0,400,0.002,20.2132226434903,5150,139523
400.0,400,0.002,20.213146680687764,5160,89548
400.0,400,0.002,20.21335757862717,5170,43693
400.27,400,0.002,20.21284160935266,5180,144007
400.27,400,0.002,20.21278574632215,5190,94842
400.27,400,0.002,20.211146977510793,5200,40966
400.0,400,0.002,20.20922261041263,5210,140629
400.27,400,0.002,20.209914894703523,5220,90293
400.0,400,0.002,20.208935509073573,5230,44025
400.0,400,0.002,20.208209375342484,5240,145655
400.0,400,0.002,20.208888845543463,5250,99629
400.27,400,0.002,20.207148005323322,5260,45554
400.0,400,0.002,20.207857253659633,5270,148938
400.0,400,0.002,20.208307725629503,5280,106594
399.73,400,0.002,20.209386493822162,5290,61145
399.73,400,0.002,20.209613347647203,5300,12504
400.0,400,0.002,20.21049040438315,5310,121076
400.0,400,0.002,20.210073086767633,5320,71423
400.0,400,0.002,20.209219457553612,5330,17327
400.0,400,0.002,20.208850464181214,5340,122464
399.73,400,0.002,20.20874819875286,5350,75691
399.73,400,0.002,20.210181261575663,5360,30762
399.73,400,0.002,20.21157203770178,5370,139404
399.73,400,0.002,20.21280259583624,5380,97345
400.0,400,0.002,20.21362600023681,5390,48231
399.73,400,0.002,20.21455985809084,5400,2068
400.0,400,0.002,20.21437586732551,5410,112174
399.73,400,0.002,20.2147991994081,5420,63675
400.0,400,0.002,20.21587139981862,5430,18476
400.0,400,0.002,20.216055660577332,5440,122353
400.0,400,0.002,20.214525190765652,5450,68398
400.0,400,0.002,20.214283218145443,5460,18083
400.0,400,0.002,20.2136851822992,5470,118372
400.0,400,0.002,20.213401888002213,5480,74102
400.27,400,0.002,20.21325633627138,5490,22522
400.0,400,0.002,20.212785433293583,5500,125814
400.0,400,0.002,20.213281533300094,5510,80283
400.0,400,0.002,20.212401924896014,5520,28206
400.0,400,0.002,20.212243367565012,5530,129933
400.0,400,0.002,20.212851860243482,5540,87978
400.0,400,0.002,20.211897375351715,5550,32951
400.27,400,0.002,20.211913392567112,5560,138850
400.27,400,0.002,20.210973997831573,5570,89480
400.0,400,0.002,20.210487098861062,5580,39122
400.0,400,0.002,20.209694617682274,5590,138644
400.0,400,0.002,20.209707287855053,5600,92670
400.27,400,0.002,20.209862007076005,5610,44626
400.0,400,0.002,20.209462258958084,5620,144563
399.73,400,0.002,20.208765351122175,5630,98779
400.0,400,0.002,20.208237703836513,5640,47995
400.0,400,0.002,20.208247118847904,5650,149962
399.73,400,0.002,20.208953278415553,5660,104494
400.0,400,0.002,20.209308764105913,5670,58579
399.73,400,0.002,20.209760084233032,5680,11979
400.0,400,0.002,20.210323922431304,5690,116188
398.94,400,0.002,20.211034250919123,5700,220468
399.73,400,0.002,20.21199779947351,5710,27107
400.27,400,0.002,20.212039190025443,5720,128041
400.0,400,0.002,20.212107856825934,5730,83935
399.73,400,0.002,20.212207646678625,5740,37380
400.0,400,0.002,20.212488188143883,5750,138468
399.73,400,0.002,20.21330863805005,5760,92291
399.73,400,0.002,20.213748685243342,5770,48057
399.73,400,0.002,20.214116677421995,5780,150004
400.0,400,0.002,20.214739998492732,5790,103995
400.0,400,0.002,20.215463456161622,5800,57229
399.2,400,0.002,20.216018387928752,5810,11413
400.0,400,0.002,20.216271923348234,5820,118769
400.0,400,0.002,20.216910265169574,5830,74189
400.0,400,0.002,20.216408717834952,5840,24676
400.0,400,0.002,20.214903617004282,5850,124929
400.0,400,0.002,20.214264771998234,5860,73805
400.27,400,0.002,20.213383204123183,5870,24141
400.0,400,0.002,20.212925447298325,5880,125144
400.27,400,0.002,20.212400363532833,5890,72869
400.0,400,0.002,20.2126262845751,5900,29997
400.27,400,0.002,20.212567561123144,5910,130860
400.0,400,0.002,20.212312850194884,5920,80379
400.0,400,0.002,20.211999147217284,5930,33165
400.0,400,0.002,20.212296395141532,5940,138634
400.0,400,0.002,20.212478543818552,5950,88735
400.27,400,0.002,20.211837720076733,5960,38416
400.0,400,0.002,20.210970431323794,5970,137153
400.27,400,0.002,20.210314569287142,5980,87512
400.27,400,0.002,20.209007153563004,5990,40086
400.0,400,0.002,20.207856808045964,6000,133999
400.0,400,0.002,20.207087604141112,6010,86482
400.0,400,0.002,20.207325659742374,6020,38876
400.0,400,0.002,20.206316402040255,6030,141482
400.0,400,0.002,20.205123852979273,6040,91178
399.73,400,0.002,20.204939258000714,6050,42054
400.0,400,0.002,20.204552729350162,6060,143895
400.27,400,0.002,20.203628373663292,6070,92457
400.27,400,0.002,20.202986495096894,6080,40729
400.27,400,0.002,20.201326765052375,6090,137776
400.27,400,0.002,20.199973830821754,6100,88786
400.27,400,0.002,20.200066660169586,6110,43200
400.0,400,0.002,20.200159013799006,6120,144098
399.2,400,0.002,20.200007706192654,6130,98601
400.27,400,0.002,20.200371109426143,6140,52467
400.27,400,0.002,20.200655029693024,6150,4381
400.27,400,0.002,20.200061219821475,6160,106857
400.27,400,0.002,20.200119514237265,6170,57276
400.53,400,0.002,20.199993432385813,6180,8427
400.53,400,0.002,20.200056246627316,6190,112532
400.27,400,0.002,20.200041627526854,6200,62825
398.94,400,0.002,20.200010973555084,6210,18535
400.27,400,0.002,20.200158804824785,6220,124591
400.53,400,0.002,20.200119352814294,6230,76168
400.53,400,0.002,20.200016343537815,6240,28962
400.53,400,0.002,20.200054496371376,6250,128237
400.27,400,0.002,20.200059003252676,6260,82966
400.53,400,0.002,20.199992061437037,6270,39160
400.27,400,0.002,20.200002285604928,6280,138786
399.73,400,0.002,20.200042596685897,6290,241412
400.53,400,0.002,20.199991408786097,6300,47488
400.53,400,0.002,20.200167325541127,6310,453
400.27,400,0.002,20.200030767836946,6320,98674
400.53,400,0.002,20.200125895740655,6330,55555
400.0,400,0.002,20.200068470809505,6340,9593
398.67,400,0.002,20.2000720618485,6350,111291
398.67,400,0.002,20.200110010276248,6360,65779
398.67,400,0.002,20.200112523547396,6370,15931
400.53,400,0.002,20.20011772906737,6380,118858
398.67,400,0.002,20.20008717577163,6390,72580
399.73,400,0.002,20.200060869617428,6400,22161
400.53,400,0.002,20.199967064748286,6410,129725
399.2,400,0.002,20.199991642155418,6420,84313
400.53,400,0.002,20.199975835544066,6430,32945
400.53,400,0.002,20.200015824051317,6440,138944
398.67,400,0.002,20.2000945713713,6450,91965
400.53,400,0.002,20.2000794734568,6460,42092
400.0,400,0.002,20.20115394612256,6470,149159
399.73,400,0.002,20.202840769578028,6480,110200
400.27,400,0.002,20.203433275505308,6490,61654
400.0,400,0.002,20.203346372079757,6500,11469
400.27,400,0.002,20.20255067500208,6510,114061
400.27,400,0.002,20.200076791953688,6520,58521
400.0,400,0.002,20.20007462092939,6530,8578
400.53,400,0.002,20.19997719198143,6540,115182
400.53,400,0.002,20.20009348492732,6550,66235
400.27,400,0.002,20.200123759141718,6560,17983
400.27,400,0.002,20.200066211153167,6570,125908
400.27,400,0.002,20.200054849953748,6580,71794
400.53,400,0.002,20.20008573285207,6590,29086
400.53,400,0.002,20.20011305810023,6600,128336
400.27,400,0.002,20.2000207146651,6610,82065
400.53,400,0.002,20.20030693944878,6620,35701
400.53,400,0.002,20.20013734041739,6630,138044
399.2,400,0.002,20.19998663189048,6640,92187
400.53,400,0.002,20.20012070555924,6650,45034
399.2,400,0.002,20.19998973739718,6660,145526
400.53,400,0.002,20.20005357638993,6670,101368
400.0,400,0.002,20.20006964330991,6680,52738
400.0,400,0.002,20.20009298470562,6690,5394
398.41,400,0.002,20.20011317977559,6700,110448
400.27,400,0.002,20.20005554428576,6710,59448
400.27,400,0.002,20.200129950928712,6720,12455
400.0,400,0.002,20.2001261994963,6730,118027
400.27,400,0.002,20.20001817647535,6740,68207
400.27,400,0.002,20.20001924041581,6750,22972
398.94,400,0.002,20.200048467626722,6760,125103
399.73,400,0.002,20.20010595490672,6770,75703
400.27,400,0.002,20.20010382239806,6780,31115
400.0,400,0.002,20.200049466115722,6790,137013
400.27,400,0.002,20.20019046242633,6800,88288
400.0,400,0.002,20.200088557029872,6810,42577
399.73,400,0.002,20.20015792930594,6820,141637
400.27,400,0.002,20.200173004469132,6830,95863
399.73,400,0.002,20.200085363355303,6840,49861
398.94,400,0.002,20.20002527838105,6850,1902
400.0,400,0.002,20.20008914702135,6860,104927
400.27,400,0.002,20.20000477115501,6870,56699
400.53,400,0.002,20.19998026697506,6880,9575
400.27,400,0.002,20.200097544271962,6890,112323
398.41,400,0.002,20.20012407880129,6900,67975
400.27,400,0.002,20.199973046657153,6910,15734
399.73,400,0.002,20.200109026166054,6920,122604
398.67,400,0.002,20.20008869500004,6930,76167
400.53,400,0.002,20.20010636864622,6940,29192
400.27,400,0.002,20.200085101898463,6950,131723
400.27,400,0.002,20.199975362443162,6960,78287
400.0,400,0.002,20.20006755531969,6970,33469
